     # | Bar   | When  | Length|Chnl| Vel|Note|  Operation  | Data
     2 |     1 |     0 |    22 |  1 |127 | 69 |note on      |
    48 |     1 |    22 |     0 |  1 |  0 | 69 |note off     |
    49 |     1 |    48 |    22 |  1 |127 | 67 |note on      |
    50 |     1 |    70 |     0 |  1 |  0 | 67 |note off     |
    51 |     1 |    96 |    22 |  1 |127 | 69 |note on      |
    52 |     1 |   118 |     0 |  1 |  0 | 69 |note off     |
    53 |     1 |   144 |    22 |  1 |127 | 76 |note on      |
    54 |     1 |   166 |     0 |  1 |  0 | 76 |note off     |
    55 |     1 |   192 |    22 |  1 |127 | 74 |note on      |
    56 |     1 |   214 |     0 |  1 |  0 | 74 |note off     |
    57 |     1 |   240 |    22 |  1 |127 | 72 |note on      |
    58 |     1 |   262 |     0 |  1 |  0 | 72 |note off     |
    59 |     1 |   288 |    70 |  1 |127 | 69 |note on      |
    60 |     1 |   358 |     0 |  1 |  0 | 69 |note off     |
    61 |     1 |   384 |    22 |  1 |127 | 69 |note on      |
    62 |     1 |   406 |     0 |  1 |  0 | 69 |note off     |
    63 |     1 |   432 |    22 |  1 |127 | 67 |note on      |
    64 |     1 |   454 |     0 |  1 |  0 | 67 |note off     |
    65 |     1 |   480 |    22 |  1 |127 | 69 |note on      |
    66 |     1 |   502 |     0 |  1 |  0 | 69 |note off     |
    67 |     1 |   528 |    22 |  1 |127 | 76 |note on      |
    68 |     1 |   550 |     0 |  1 |  0 | 76 |note off     |
    69 |     1 |   576 |    22 |  1 |127 | 74 |note on      |
    70 |     1 |   598 |     0 |  1 |  0 | 74 |note off     |
    71 |     1 |   624 |    22 |  1 |127 | 72 |note on      |
    72 |     1 |   646 |     0 |  1 |  0 | 72 |note off     |
    73 |     1 |   672 |    70 |  1 |127 | 69 |note on      |
    74 |     1 |   742 |     0 |  1 |  0 | 69 |note off     |
    75 |     2 |   768 |    22 |  1 |127 | 72 |note on      |
    76 |     2 |   790 |     0 |  1 |  0 | 72 |note off     |
    77 |     2 |   816 |    22 |  1 |127 | 71 |note on      |
    78 |     2 |   838 |     0 |  1 |  0 | 71 |note off     |
    79 |     2 |   864 |    22 |  1 |127 | 67 |note on      |
    80 |     2 |   886 |     0 |  1 |  0 | 67 |note off     |
    81 |     2 |   912 |    70 |  1 |127 | 72 |note on      |
    82 |     2 |   982 |     0 |  1 |  0 | 72 |note off     |
    83 |     2 |  1008 |    22 |  1 |127 | 71 |note on      |
    84 |     2 |  1030 |     0 |  1 |  0 | 71 |note off     |
    85 |     2 |  1056 |    70 |  1 |127 | 67 |note on      |
    86 |     2 |  1126 |     0 |  1 |  0 | 67 |note off     |
    87 |     2 |  1152 |    22 |  1 |127 | 72 |note on      |
    88 |     2 |  1174 |     0 |  1 |  0 | 72 |note off     |
    89 |     2 |  1200 |    22 |  1 |127 | 71 |note on      |
    90 |     2 |  1222 |     0 |  1 |  0 | 71 |note off     |
    91 |     2 |  1248 |    22 |  1 |127 | 67 |note on      |
    92 |     2 |  1270 |     0 |  1 |  0 | 67 |note off     |
    93 |     2 |  1296 |    70 |  1 |127 | 74 |note on      |
    94 |     2 |  1366 |     0 |  1 |  0 | 74 |note off     |
    95 |     2 |  1392 |    22 |  1 |127 | 72 |note on      |
    96 |     2 |  1414 |     0 |  1 |  0 | 72 |note off     |
    97 |     2 |  1440 |    70 |  1 |127 | 67 |note on      |
    98 |     2 |  1510 |     0 |  1 |  0 | 67 |note off     |
    99 |     3 |  1536 |    22 |  1 |127 | 69 |note on      |
   100 |     3 |  1558 |     0 |  1 |  0 | 69 |note off     |
   101 |     3 |  1584 |    22 |  1 |127 | 67 |note on      |
   102 |     3 |  1606 |     0 |  1 |  0 | 67 |note off     |
   103 |     3 |  1632 |    22 |  1 |127 | 69 |note on      |
   104 |     3 |  1654 |     0 |  1 |  0 | 69 |note off     |
   105 |     3 |  1680 |    22 |  1 |127 | 76 |note on      |
   106 |     3 |  1702 |     0 |  1 |  0 | 76 |note off     |
   107 |     3 |  1728 |    22 |  1 |127 | 74 |note on      |
   108 |     3 |  1750 |     0 |  1 |  0 | 74 |note off     |
   109 |     3 |  1776 |    22 |  1 |127 | 72 |note on      |
   110 |     3 |  1798 |     0 |  1 |  0 | 72 |note off     |
   111 |     3 |  1824 |    70 |  1 |127 | 69 |note on      |
   112 |     3 |  1894 |     0 |  1 |  0 | 69 |note off     |
   113 |     3 |  1920 |    22 |  1 |127 | 69 |note on      |
   114 |     3 |  1942 |     0 |  1 |  0 | 69 |note off     |
   115 |     3 |  1968 |    22 |  1 |127 | 67 |note on      |
   116 |     3 |  1990 |     0 |  1 |  0 | 67 |note off     |
   117 |     3 |  2016 |    22 |  1 |127 | 69 |note on      |
   118 |     3 |  2038 |     0 |  1 |  0 | 69 |note off     |
   119 |     3 |  2064 |    22 |  1 |127 | 76 |note on      |
   120 |     3 |  2086 |     0 |  1 |  0 | 76 |note off     |
   121 |     3 |  2112 |    22 |  1 |127 | 74 |note on      |
   122 |     3 |  2134 |     0 |  1 |  0 | 74 |note off     |
   123 |     3 |  2160 |    22 |  1 |127 | 72 |note on      |
   124 |     3 |  2182 |     0 |  1 |  0 | 72 |note off     |
   125 |     3 |  2208 |    70 |  1 |127 | 69 |note on      |
   126 |     3 |  2278 |     0 |  1 |  0 | 69 |note off     |
   127 |     4 |  2304 |    22 |  1 |127 | 72 |note on      |
   128 |     4 |  2326 |     0 |  1 |  0 | 72 |note off     |
   129 |     4 |  2352 |    22 |  1 |127 | 72 |note on      |
   130 |     4 |  2374 |     0 |  1 |  0 | 72 |note off     |
   131 |     4 |  2448 |    22 |  1 |127 | 72 |note on      |
   132 |     4 |  2470 |     0 |  1 |  0 | 72 |note off     |
   133 |     4 |  2496 |    22 |  1 |127 | 74 |note on      |
   134 |     4 |  2518 |     0 |  1 |  0 | 74 |note off     |
   135 |     4 |  2592 |    22 |  1 |127 | 74 |note on      |
   136 |     4 |  2614 |     0 |  1 |  0 | 74 |note off     |
   137 |     4 |  2688 |    22 |  1 |127 | 76 |note on      |
   138 |     4 |  2710 |     0 |  1 |  0 | 76 |note off     |
   139 |     4 |  2736 |    22 |  1 |127 | 76 |note on      |
   140 |     4 |  2758 |     0 |  1 |  0 | 76 |note off     |
   141 |     4 |  2832 |    22 |  1 |127 | 76 |note on      |
   142 |     4 |  2854 |     0 |  1 |  0 | 76 |note off     |
   143 |     4 |  2880 |    22 |  1 |127 | 74 |note on      |
   144 |     4 |  2902 |     0 |  1 |  0 | 74 |note off     |
   145 |     4 |  2976 |    22 |  1 |127 | 74 |note on      |
   146 |     4 |  2998 |     0 |  1 |  0 | 74 |note off     |
   147 |     5 |  3072 |    22 |  1 |127 | 69 |note on      |
   148 |     5 |  3094 |     0 |  1 |  0 | 69 |note off     |
   149 |     5 |  3120 |    22 |  1 |127 | 67 |note on      |
   150 |     5 |  3142 |     0 |  1 |  0 | 67 |note off     |
   151 |     5 |  3168 |    22 |  1 |127 | 69 |note on      |
   152 |     5 |  3190 |     0 |  1 |  0 | 69 |note off     |
   153 |     5 |  3216 |    22 |  1 |127 | 76 |note on      |
   154 |     5 |  3238 |     0 |  1 |  0 | 76 |note off     |
   155 |     5 |  3264 |    22 |  1 |127 | 74 |note on      |
   156 |     5 |  3286 |     0 |  1 |  0 | 74 |note off     |
   157 |     5 |  3312 |    22 |  1 |127 | 72 |note on      |
   158 |     5 |  3334 |     0 |  1 |  0 | 72 |note off     |
   159 |     5 |  3360 |    70 |  1 |127 | 69 |note on      |
   160 |     5 |  3430 |     0 |  1 |  0 | 69 |note off     |
   161 |     5 |  3456 |    22 |  1 |127 | 69 |note on      |
   162 |     5 |  3478 |     0 |  1 |  0 | 69 |note off     |
   163 |     5 |  3504 |    22 |  1 |127 | 67 |note on      |
   164 |     5 |  3526 |     0 |  1 |  0 | 67 |note off     |
   165 |     5 |  3552 |    22 |  1 |127 | 69 |note on      |
   166 |     5 |  3574 |     0 |  1 |  0 | 69 |note off     |
   167 |     5 |  3600 |    22 |  1 |127 | 76 |note on      |
   168 |     5 |  3622 |     0 |  1 |  0 | 76 |note off     |
   169 |     5 |  3648 |    22 |  1 |127 | 74 |note on      |
   170 |     5 |  3670 |     0 |  1 |  0 | 74 |note off     |
   171 |     5 |  3696 |    22 |  1 |127 | 72 |note on      |
   172 |     5 |  3718 |     0 |  1 |  0 | 72 |note off     |
   173 |     5 |  3744 |    70 |  1 |127 | 69 |note on      |
   174 |     5 |  3814 |     0 |  1 |  0 | 69 |note off     |
   175 |     6 |  3840 |    22 |  1 |127 | 72 |note on      |
   176 |     6 |  3862 |     0 |  1 |  0 | 72 |note off     |
   177 |     6 |  3888 |    22 |  1 |127 | 71 |note on      |
   178 |     6 |  3910 |     0 |  1 |  0 | 71 |note off     |
   179 |     6 |  3936 |    22 |  1 |127 | 67 |note on      |
   180 |     6 |  3958 |     0 |  1 |  0 | 67 |note off     |
   181 |     6 |  3984 |    70 |  1 |127 | 72 |note on      |
   182 |     6 |  4054 |     0 |  1 |  0 | 72 |note off     |
   183 |     6 |  4080 |    22 |  1 |127 | 71 |note on      |
   184 |     6 |  4102 |     0 |  1 |  0 | 71 |note off     |
   185 |     6 |  4128 |    70 |  1 |127 | 67 |note on      |
   186 |     6 |  4198 |     0 |  1 |  0 | 67 |note off     |
   187 |     6 |  4224 |    22 |  1 |127 | 72 |note on      |
   188 |     6 |  4246 |     0 |  1 |  0 | 72 |note off     |
   189 |     6 |  4272 |    22 |  1 |127 | 71 |note on      |
   190 |     6 |  4294 |     0 |  1 |  0 | 71 |note off     |
   191 |     6 |  4320 |    22 |  1 |127 | 67 |note on      |
   192 |     6 |  4342 |     0 |  1 |  0 | 67 |note off     |
   193 |     6 |  4368 |    70 |  1 |127 | 74 |note on      |
   194 |     6 |  4438 |     0 |  1 |  0 | 74 |note off     |
   195 |     6 |  4464 |    22 |  1 |127 | 72 |note on      |
   196 |     6 |  4486 |     0 |  1 |  0 | 72 |note off     |
   197 |     6 |  4512 |    70 |  1 |127 | 67 |note on      |
   198 |     6 |  4582 |     0 |  1 |  0 | 67 |note off     |
   199 |     7 |  4608 |    22 |  1 |127 | 69 |note on      |
   200 |     7 |  4630 |     0 |  1 |  0 | 69 |note off     |
   201 |     7 |  4656 |    22 |  1 |127 | 67 |note on      |
   202 |     7 |  4678 |     0 |  1 |  0 | 67 |note off     |
   203 |     7 |  4704 |    22 |  1 |127 | 69 |note on      |
   204 |     7 |  4726 |     0 |  1 |  0 | 69 |note off     |
   205 |     7 |  4752 |    22 |  1 |127 | 76 |note on      |
   206 |     7 |  4774 |     0 |  1 |  0 | 76 |note off     |
   207 |     7 |  4800 |    22 |  1 |127 | 74 |note on      |
   208 |     7 |  4822 |     0 |  1 |  0 | 74 |note off     |
   209 |     7 |  4848 |    22 |  1 |127 | 72 |note on      |
   210 |     7 |  4870 |     0 |  1 |  0 | 72 |note off     |
   211 |     7 |  4896 |    70 |  1 |127 | 69 |note on      |
   212 |     7 |  4966 |     0 |  1 |  0 | 69 |note off     |
   213 |     7 |  4992 |    22 |  1 |127 | 69 |note on      |
   214 |     7 |  5014 |     0 |  1 |  0 | 69 |note off     |
   215 |     7 |  5040 |    22 |  1 |127 | 67 |note on      |
   216 |     7 |  5062 |     0 |  1 |  0 | 67 |note off     |
   217 |     7 |  5088 |    22 |  1 |127 | 69 |note on      |
   218 |     7 |  5110 |     0 |  1 |  0 | 69 |note off     |
   219 |     7 |  5136 |    22 |  1 |127 | 76 |note on      |
   220 |     7 |  5158 |     0 |  1 |  0 | 76 |note off     |
   221 |     7 |  5184 |    22 |  1 |127 | 74 |note on      |
   222 |     7 |  5206 |     0 |  1 |  0 | 74 |note off     |
   223 |     7 |  5232 |    22 |  1 |127 | 72 |note on      |
   224 |     7 |  5254 |     0 |  1 |  0 | 72 |note off     |
   225 |     7 |  5280 |    70 |  1 |127 | 69 |note on      |
   226 |     7 |  5350 |     0 |  1 |  0 | 69 |note off     |
   227 |     8 |  5376 |    96 |  1 |100 | 76 |note on      |
   228 |     8 |  5472 |     0 |  1 |  0 | 76 |note off     |
   229 |     8 |  5472 |    96 |  1 |100 | 75 |note on      |
   230 |     8 |  5568 |     0 |  1 |  0 | 75 |note off     |
   231 |     8 |  5568 |    96 |  1 |100 | 74 |note on      |
   232 |     8 |  5664 |     0 |  1 |  0 | 74 |note off     |
   233 |     8 |  5664 |    96 |  1 |100 | 73 |note on      |
   234 |     8 |  5760 |     0 |  1 |  0 | 73 |note off     |
   235 |     8 |  5760 |    96 |  1 |100 | 72 |note on      |
   236 |     8 |  5856 |     0 |  1 |  0 | 72 |note off     |
   237 |     8 |  5856 |    96 |  1 |100 | 73 |note on      |
   238 |     8 |  5952 |     0 |  1 |  0 | 73 |note off     |
   239 |     8 |  5952 |    96 |  1 |100 | 74 |note on      |
   240 |     8 |  6048 |     0 |  1 |  0 | 74 |note off     |
   241 |     8 |  6048 |    96 |  1 |100 | 75 |note on      |
   242 |     9 |  6144 |     0 |  1 |  0 | 75 |note off     |
   243 |     9 |  6326 |    48 |  0 |127 | 81 |note on      |
   244 |     9 |  6374 |     0 |  0 |  0 | 81 |note off     |
   245 |     9 |  6422 |    48 |  0 |127 | 81 |note on      |
   246 |     9 |  6470 |     0 |  0 |  0 | 81 |note off     |
   247 |     9 |  6518 |    48 |  0 |127 | 83 |note on      |
   248 |     9 |  6566 |     0 |  0 |  0 | 83 |note off     |
   249 |     9 |  6614 |   336 |  0 |127 | 84 |note on      |
   250 |    10 |  6950 |     0 |  0 |  0 | 84 |note off     |
   251 |    10 |  7094 |    48 |  0 |127 | 81 |note on      |
   252 |    10 |  7142 |     0 |  0 |  0 | 81 |note off     |
   253 |    10 |  7190 |    48 |  0 |127 | 81 |note on      |
   254 |    10 |  7238 |     0 |  0 |  0 | 81 |note off     |
   255 |    10 |  7286 |    48 |  0 |127 | 83 |note on      |
   256 |    10 |  7334 |     0 |  0 |  0 | 83 |note off     |
   257 |    10 |  7382 |   144 |  0 |127 | 84 |note on      |
   258 |    10 |  7526 |     0 |  0 |  0 | 84 |note off     |
   259 |    10 |  7574 |   144 |  0 |127 | 83 |note on      |
   260 |    11 |  7718 |     0 |  0 |  0 | 83 |note off     |
   261 |    11 |  7766 |   144 |  0 |127 | 81 |note on      |
   262 |    11 |  7910 |     0 |  0 |  0 | 81 |note off     |
   263 |    11 |  7958 |   432 |  0 |127 | 79 |note on      |
   264 |    11 |  8390 |     0 |  0 |  0 | 79 |note off     |
   265 |    11 |  8438 |   144 |  0 |127 | 77 |note on      |
   266 |    12 |  8582 |     0 |  0 |  0 | 77 |note off     |
   267 |    12 |  8630 |   144 |  0 |127 | 79 |note on      |
   268 |    12 |  8774 |     0 |  0 |  0 | 79 |note off     |
   269 |    12 |  8822 |    48 |  0 |127 | 77 |note on      |
   270 |    12 |  8870 |     0 |  0 |  0 | 77 |note off     |
   271 |    12 |  8918 |   240 |  0 |127 | 76 |note on      |
   272 |    12 |  9158 |     0 |  0 |  0 | 76 |note off     |
   273 |    13 |  9398 |    48 |  0 |127 | 81 |note on      |
   274 |    13 |  9446 |     0 |  0 |  0 | 81 |note off     |
   275 |    13 |  9494 |    48 |  0 |127 | 81 |note on      |
   276 |    13 |  9542 |     0 |  0 |  0 | 81 |note off     |
   277 |    13 |  9590 |    48 |  0 |127 | 83 |note on      |
   278 |    13 |  9638 |     0 |  0 |  0 | 83 |note off     |
   279 |    13 |  9686 |   240 |  0 |127 | 84 |note on      |
   280 |    13 |  9926 |     0 |  0 |  0 | 84 |note off     |
   281 |    14 | 10166 |    48 |  0 |127 | 81 |note on      |
   282 |    14 | 10214 |     0 |  0 |  0 | 81 |note off     |
   283 |    14 | 10262 |    48 |  0 |127 | 81 |note on      |
   284 |    14 | 10310 |     0 |  0 |  0 | 81 |note off     |
   285 |    14 | 10358 |    48 |  0 |127 | 83 |note on      |
   286 |    14 | 10406 |     0 |  0 |  0 | 83 |note off     |
   287 |    14 | 10454 |   144 |  0 |127 | 84 |note on      |
   288 |    14 | 10598 |     0 |  0 |  0 | 84 |note off     |
   289 |    14 | 10646 |   144 |  0 |127 | 83 |note on      |
   290 |    15 | 10790 |     0 |  0 |  0 | 83 |note off     |
   291 |    15 | 10838 |   144 |  0 |127 | 81 |note on      |
   292 |    15 | 10982 |     0 |  0 |  0 | 81 |note off     |
   293 |    15 | 11030 |   432 |  0 |127 | 79 |note on      |
   294 |    15 | 11462 |     0 |  0 |  0 | 79 |note off     |
   295 |    15 | 11510 |   144 |  0 |127 | 77 |note on      |
   296 |    16 | 11654 |     0 |  0 |  0 | 77 |note off     |
   297 |    16 | 11702 |   144 |  0 |127 | 79 |note on      |
   298 |    16 | 11846 |     0 |  0 |  0 | 79 |note off     |
   299 |    16 | 11894 |    48 |  0 |127 | 77 |note on      |
   300 |    16 | 11942 |     0 |  0 |  0 | 77 |note off     |
   301 |    16 | 11990 |   240 |  0 |127 | 76 |note on      |
   302 |    16 | 12230 |     0 |  0 |  0 | 76 |note off     |
   303 |    16 | 12278 |   144 |  0 |127 | 72 |note on      |
   304 |    17 | 12422 |     0 |  0 |  0 | 72 |note off     |
   305 |    17 | 12470 |   144 |  0 |127 | 72 |note on      |
   306 |    17 | 12614 |     0 |  0 |  0 | 72 |note off     |
   307 |    17 | 12662 |    48 |  0 |127 | 71 |note on      |
   308 |    17 | 12710 |     0 |  0 |  0 | 71 |note off     |
   309 |    17 | 12758 |    48 |  0 |127 | 72 |note on      |
   310 |    17 | 12806 |     0 |  0 |  0 | 72 |note off     |
   311 |    17 | 12854 |   144 |  0 |127 | 72 |note on      |
   312 |    17 | 12998 |     0 |  0 |  0 | 72 |note off     |
   313 |    17 | 13046 |    48 |  0 |127 | 74 |note on      |
   314 |    18 | 13094 |     0 |  0 |  0 | 74 |note off     |
   315 |    18 | 13142 |    48 |  0 |127 | 76 |note on      |
   316 |    18 | 13190 |     0 |  0 |  0 | 76 |note off     |
   317 |    18 | 13238 |    48 |  0 |127 | 74 |note on      |
   318 |    18 | 13286 |     0 |  0 |  0 | 74 |note off     |
   319 |    18 | 13334 |    48 |  0 |127 | 72 |note on      |
   320 |    18 | 13382 |     0 |  0 |  0 | 72 |note off     |
   321 |    18 | 13430 |    48 |  0 |127 | 74 |note on      |
   322 |    18 | 13478 |     0 |  0 |  0 | 74 |note off     |
   323 |    18 | 13526 |   240 |  0 |127 | 72 |note on      |
   324 |    18 | 13766 |     0 |  0 |  0 | 72 |note off     |
   325 |    18 | 13814 |   144 |  0 |127 | 69 |note on      |
   326 |    19 | 13958 |     0 |  0 |  0 | 69 |note off     |
   327 |    19 | 14006 |   144 |  0 |127 | 69 |note on      |
   328 |    19 | 14150 |     0 |  0 |  0 | 69 |note off     |
   329 |    19 | 14198 |    48 |  0 |127 | 67 |note on      |
   330 |    19 | 14246 |     0 |  0 |  0 | 67 |note off     |
   331 |    19 | 14294 |    48 |  0 |127 | 69 |note on      |
   332 |    19 | 14342 |     0 |  0 |  0 | 69 |note off     |
   333 |    19 | 14390 |   144 |  0 |127 | 69 |note on      |
   334 |    19 | 14534 |     0 |  0 |  0 | 69 |note off     |
   335 |    19 | 14582 |    48 |  0 |127 | 69 |note on      |
   336 |    20 | 14630 |     0 |  0 |  0 | 69 |note off     |
   337 |    20 | 14678 |    48 |  0 |127 | 74 |note on      |
   338 |    20 | 14726 |     0 |  0 |  0 | 74 |note off     |
   339 |    20 | 14774 |    48 |  0 |127 | 72 |note on      |
   340 |    20 | 14822 |     0 |  0 |  0 | 72 |note off     |
   341 |    20 | 14870 |   144 |  0 |127 | 74 |note on      |
   342 |    20 | 15014 |     0 |  0 |  0 | 74 |note off     |
   343 |    20 | 15062 |    48 |  0 |127 | 72 |note on      |
   344 |    20 | 15110 |     0 |  0 |  0 | 72 |note off     |
   345 |    20 | 15158 |    48 |  0 |127 | 74 |note on      |
   346 |    20 | 15206 |     0 |  0 |  0 | 74 |note off     |
   347 |    20 | 15254 |    48 |  0 |127 | 76 |note on      |
   348 |    20 | 15302 |     0 |  0 |  0 | 76 |note off     |
   349 |    20 | 15350 |   144 |  0 |127 | 72 |note on      |
   350 |    21 | 15494 |     0 |  0 |  0 | 72 |note off     |
   351 |    21 | 15542 |   144 |  0 |127 | 72 |note on      |
   352 |    21 | 15686 |     0 |  0 |  0 | 72 |note off     |
   353 |    21 | 15734 |    48 |  0 |127 | 71 |note on      |
   354 |    21 | 15782 |     0 |  0 |  0 | 71 |note off     |
   355 |    21 | 15830 |    48 |  0 |127 | 72 |note on      |
   356 |    21 | 15878 |     0 |  0 |  0 | 72 |note off     |
   357 |    21 | 15926 |   144 |  0 |127 | 72 |note on      |
   358 |    21 | 16070 |     0 |  0 |  0 | 72 |note off     |
   359 |    21 | 16118 |    48 |  0 |127 | 74 |note on      |
   360 |    22 | 16166 |     0 |  0 |  0 | 74 |note off     |
   361 |    22 | 16214 |    48 |  0 |127 | 76 |note on      |
   362 |    22 | 16262 |     0 |  0 |  0 | 76 |note off     |
   363 |    22 | 16310 |    48 |  0 |127 | 74 |note on      |
   364 |    22 | 16358 |     0 |  0 |  0 | 74 |note off     |
   365 |    22 | 16406 |    48 |  0 |127 | 72 |note on      |
   366 |    22 | 16454 |     0 |  0 |  0 | 72 |note off     |
   367 |    22 | 16502 |    48 |  0 |127 | 74 |note on      |
   368 |    22 | 16550 |     0 |  0 |  0 | 74 |note off     |
   369 |    22 | 16598 |   240 |  0 |127 | 72 |note on      |
   370 |    22 | 16838 |     0 |  0 |  0 | 72 |note off     |
   371 |    22 | 16886 |   144 |  0 |127 | 69 |note on      |
   372 |    23 | 17030 |     0 |  0 |  0 | 69 |note off     |
   373 |    23 | 17078 |   144 |  0 |127 | 69 |note on      |
   374 |    23 | 17222 |     0 |  0 |  0 | 69 |note off     |
   375 |    23 | 17270 |    48 |  0 |127 | 67 |note on      |
   376 |    23 | 17318 |     0 |  0 |  0 | 67 |note off     |
   377 |    23 | 17366 |    48 |  0 |127 | 69 |note on      |
   378 |    23 | 17414 |     0 |  0 |  0 | 69 |note off     |
   379 |    23 | 17462 |   144 |  0 |127 | 69 |note on      |
   380 |    23 | 17606 |     0 |  0 |  0 | 69 |note off     |
   381 |    23 | 17654 |   144 |  0 |127 | 69 |note on      |
   382 |    24 | 17798 |     0 |  0 |  0 | 69 |note off     |
   383 |    24 | 17846 |   144 |  0 |127 | 71 |note on      |
   384 |    24 | 17990 |     0 |  0 |  0 | 71 |note off     |
   385 |    24 | 18038 |   144 |  0 |127 | 72 |note on      |
   386 |    24 | 18182 |     0 |  0 |  0 | 72 |note off     |
   387 |    24 | 18230 |   144 |  0 |127 | 74 |note on      |
   388 |    24 | 18374 |     0 |  0 |  0 | 74 |note off     |
   389 |    24 | 18422 |   144 |  0 |127 | 76 |note on      |
   390 |    25 | 18566 |     0 |  0 |  0 | 76 |note off     |
   391 |    25 | 18614 |   144 |  0 |127 | 76 |note on      |
   392 |    25 | 18758 |     0 |  0 |  0 | 76 |note off     |
   393 |    25 | 18806 |   144 |  0 |127 | 74 |note on      |
   394 |    25 | 18950 |     0 |  0 |  0 | 74 |note off     |
   395 |    25 | 18998 |    48 |  0 |127 | 74 |note on      |
   396 |    25 | 19046 |     0 |  0 |  0 | 74 |note off     |
   397 |    25 | 19094 |   144 |  0 |127 | 74 |note on      |
   398 |    26 | 19238 |     0 |  0 |  0 | 74 |note off     |
   399 |    26 | 19286 |   240 |  0 |127 | 72 |note on      |
   400 |    26 | 19526 |     0 |  0 |  0 | 72 |note off     |
   401 |    26 | 19766 |    48 |  0 |127 | 69 |note on      |
   402 |    26 | 19814 |     0 |  0 |  0 | 69 |note off     |
   403 |    26 | 19862 |    48 |  0 |127 | 72 |note on      |
   404 |    26 | 19910 |     0 |  0 |  0 | 72 |note off     |
   405 |    26 | 19958 |   144 |  0 |127 | 74 |note on      |
   406 |    27 | 20102 |     0 |  0 |  0 | 74 |note off     |
   407 |    27 | 20150 |    48 |  0 |127 | 74 |note on      |
   408 |    27 | 20198 |     0 |  0 |  0 | 74 |note off     |
   409 |    27 | 20246 |    48 |  0 |127 | 72 |note on      |
   410 |    27 | 20294 |     0 |  0 |  0 | 72 |note off     |
   411 |    27 | 20342 |   144 |  0 |127 | 74 |note on      |
   412 |    27 | 20486 |     0 |  0 |  0 | 74 |note off     |
   413 |    27 | 20536 |    42 |  0 |127 | 79 |note on      |
   414 |    27 | 20578 |     0 |  0 |  0 | 79 |note off     |
   415 |    27 | 20630 |   240 |  0 |127 | 76 |note on      |
   416 |    28 | 20870 |     0 |  0 |  0 | 76 |note off     |
   417 |    28 | 21110 |   144 |  0 |127 | 79 |note on      |
   418 |    28 | 21254 |     0 |  0 |  0 | 79 |note off     |
   419 |    28 | 21302 |   144 |  0 |127 | 77 |note on      |
   420 |    28 | 21446 |     0 |  0 |  0 | 77 |note off     |
   421 |    28 | 21494 |   144 |  0 |127 | 76 |note on      |
   422 |    29 | 21638 |     0 |  0 |  0 | 76 |note off     |
   423 |    29 | 21686 |   144 |  0 |127 | 76 |note on      |
   424 |    29 | 21830 |     0 |  0 |  0 | 76 |note off     |
   425 |    29 | 21878 |   144 |  0 |127 | 74 |note on      |
   426 |    29 | 22022 |     0 |  0 |  0 | 74 |note off     |
   427 |    29 | 22070 |    48 |  0 |127 | 74 |note on      |
   428 |    29 | 22118 |     0 |  0 |  0 | 74 |note off     |
   429 |    29 | 22166 |   144 |  0 |127 | 74 |note on      |
   430 |    30 | 22310 |     0 |  0 |  0 | 74 |note off     |
   431 |    30 | 22358 |   240 |  0 |127 | 72 |note on      |
   432 |    30 | 22598 |     0 |  0 |  0 | 72 |note off     |
   433 |    30 | 22934 |   144 |  0 |127 | 74 |note on      |
   434 |    31 | 23078 |     0 |  0 |  0 | 74 |note off     |
   435 |    31 | 23126 |    48 |  0 |127 | 72 |note on      |
   436 |    31 | 23174 |     0 |  0 |  0 | 72 |note off     |
   437 |    31 | 23222 |    48 |  0 |127 | 74 |note on      |
   438 |    31 | 23270 |     0 |  0 |  0 | 74 |note off     |
   439 |    31 | 23318 |    48 |  0 |127 | 72 |note on      |
   440 |    31 | 23366 |     0 |  0 |  0 | 72 |note off     |
   441 |    31 | 23414 |   144 |  0 |127 | 74 |note on      |
   442 |    31 | 23558 |     0 |  0 |  0 | 74 |note off     |
   443 |    31 | 23606 |    48 |  0 |127 | 72 |note on      |
   444 |    31 | 23654 |     0 |  0 |  0 | 72 |note off     |
   445 |    31 | 23702 |   240 |  0 |127 | 76 |note on      |
   446 |    32 | 23942 |     0 |  0 |  0 | 76 |note off     |
   447 |    32 | 24182 |   144 |  0 |127 | 91 |note on      |
   448 |    32 | 24326 |     0 |  0 |  0 | 91 |note off     |
   449 |    32 | 24374 |   144 |  0 |127 | 89 |note on      |
   450 |    32 | 24518 |     0 |  0 |  0 | 89 |note off     |
   451 |    32 | 24566 |   144 |  0 |127 | 88 |note on      |
   452 |    33 | 24710 |     0 |  0 |  0 | 88 |note off     |
   453 |    33 | 24758 |   144 |  0 |127 | 88 |note on      |
   454 |    33 | 24902 |     0 |  0 |  0 | 88 |note off     |
   455 |    33 | 24950 |   144 |  0 |127 | 86 |note on      |
   456 |    33 | 25094 |     0 |  0 |  0 | 86 |note off     |
   457 |    33 | 25142 |    48 |  0 |127 | 86 |note on      |
   458 |    33 | 25190 |     0 |  0 |  0 | 86 |note off     |
   459 |    33 | 25238 |   144 |  0 |127 | 86 |note on      |
   460 |    34 | 25382 |     0 |  0 |  0 | 86 |note off     |
   461 |    34 | 25430 |   240 |  0 |127 | 84 |note on      |
   462 |    34 | 25670 |     0 |  0 |  0 | 84 |note off     |
   463 |    34 | 25910 |    48 |  0 |127 | 81 |note on      |
   464 |    34 | 25958 |     0 |  0 |  0 | 81 |note off     |
   465 |    34 | 26006 |    48 |  0 |127 | 84 |note on      |
   466 |    34 | 26054 |     0 |  0 |  0 | 84 |note off     |
   467 |    34 | 26102 |   144 |  0 |127 | 86 |note on      |
   468 |    35 | 26246 |     0 |  0 |  0 | 86 |note off     |
   469 |    35 | 26294 |    48 |  0 |127 | 86 |note on      |
   470 |    35 | 26342 |     0 |  0 |  0 | 86 |note off     |
   471 |    35 | 26390 |    48 |  0 |127 | 84 |note on      |
   472 |    35 | 26438 |     0 |  0 |  0 | 84 |note off     |
   473 |    35 | 26486 |   144 |  0 |127 | 86 |note on      |
   474 |    35 | 26630 |     0 |  0 |  0 | 86 |note off     |
   475 |    35 | 26678 |    48 |  0 |127 | 91 |note on      |
   476 |    35 | 26726 |     0 |  0 |  0 | 91 |note off     |
   477 |    35 | 26774 |   240 |  0 |127 | 88 |note on      |
   478 |    36 | 27014 |     0 |  0 |  0 | 88 |note off     |
   479 |    36 | 27254 |   144 |  0 |127 | 91 |note on      |
   480 |    36 | 27398 |     0 |  0 |  0 | 91 |note off     |
   481 |    36 | 27446 |   144 |  0 |127 | 89 |note on      |
   482 |    36 | 27590 |     0 |  0 |  0 | 89 |note off     |
   483 |    36 | 27638 |   144 |  0 |127 | 88 |note on      |
   484 |    37 | 27782 |     0 |  0 |  0 | 88 |note off     |
   485 |    37 | 27830 |   144 |  0 |127 | 88 |note on      |
   486 |    37 | 27974 |     0 |  0 |  0 | 88 |note off     |
   487 |    37 | 28022 |   144 |  0 |127 | 86 |note on      |
   488 |    37 | 28166 |     0 |  0 |  0 | 86 |note off     |
   489 |    37 | 28214 |    48 |  0 |127 | 86 |note on      |
   490 |    37 | 28262 |     0 |  0 |  0 | 86 |note off     |
   491 |    37 | 28310 |   144 |  0 |127 | 86 |note on      |
   492 |    38 | 28454 |     0 |  0 |  0 | 86 |note off     |
   493 |    38 | 28502 |   240 |  0 |127 | 84 |note on      |
   494 |    38 | 28742 |     0 |  0 |  0 | 84 |note off     |
   495 |    38 | 29078 |   144 |  0 |127 | 86 |note on      |
   496 |    39 | 29222 |     0 |  0 |  0 | 86 |note off     |
   497 |    39 | 29270 |    48 |  0 |127 | 84 |note on      |
   498 |    39 | 29318 |     0 |  0 |  0 | 84 |note off     |
   499 |    39 | 29366 |    48 |  0 |127 | 86 |note on      |
   500 |    39 | 29414 |     0 |  0 |  0 | 86 |note off     |
   501 |    39 | 29462 |    48 |  0 |127 | 84 |note on      |
   502 |    39 | 29510 |     0 |  0 |  0 | 84 |note off     |
   503 |    39 | 29558 |   144 |  0 |127 | 86 |note on      |
   504 |    39 | 29702 |     0 |  0 |  0 | 86 |note off     |
   505 |    39 | 29846 |   144 |  0 |127 | 88 |note on      |
   506 |    40 | 29990 |     0 |  0 |  0 | 88 |note off     |
   507 |    40 | 30038 |    48 |  0 |127 | 86 |note on      |
   508 |    40 | 30086 |     0 |  0 |  0 | 86 |note off     |
   509 |    40 | 30134 |    48 |  0 |127 | 88 |note on      |
   510 |    40 | 30182 |     0 |  0 |  0 | 88 |note off     |
   511 |    40 | 30230 |    48 |  0 |127 | 86 |note on      |
   512 |    40 | 30278 |     0 |  0 |  0 | 86 |note off     |
   513 |    40 | 30326 |   336 |  0 |127 | 88 |note on      |
   514 |    40 | 30662 |     0 |  0 |  0 | 88 |note off     |
   515 |    41 | 30720 |    22 |  1 |127 | 81 |note on      |
   516 |    41 | 30742 |     0 |  1 |  0 | 81 |note off     |
   517 |    41 | 30768 |    22 |  1 |127 | 79 |note on      |
   518 |    41 | 30790 |     0 |  1 |  0 | 79 |note off     |
   519 |    41 | 30816 |    22 |  1 |127 | 81 |note on      |
   520 |    41 | 30838 |     0 |  1 |  0 | 81 |note off     |
   521 |    41 | 30864 |    22 |  1 |127 | 88 |note on      |
   522 |    41 | 30886 |     0 |  1 |  0 | 88 |note off     |
   523 |    41 | 30912 |    22 |  1 |127 | 86 |note on      |
   524 |    41 | 30934 |     0 |  1 |  0 | 86 |note off     |
   525 |    41 | 30960 |    22 |  1 |127 | 84 |note on      |
   526 |    41 | 30982 |     0 |  1 |  0 | 84 |note off     |
   527 |    41 | 31008 |    70 |  1 |127 | 81 |note on      |
   528 |    41 | 31078 |     0 |  1 |  0 | 81 |note off     |
   529 |    41 | 31104 |    22 |  1 |127 | 81 |note on      |
   530 |    41 | 31126 |     0 |  1 |  0 | 81 |note off     |
   531 |    41 | 31152 |    22 |  1 |127 | 79 |note on      |
   532 |    41 | 31174 |     0 |  1 |  0 | 79 |note off     |
   533 |    41 | 31200 |    22 |  1 |127 | 81 |note on      |
   534 |    41 | 31222 |     0 |  1 |  0 | 81 |note off     |
   535 |    41 | 31248 |    22 |  1 |127 | 88 |note on      |
   536 |    41 | 31270 |     0 |  1 |  0 | 88 |note off     |
   537 |    41 | 31296 |    22 |  1 |127 | 86 |note on      |
   538 |    41 | 31318 |     0 |  1 |  0 | 86 |note off     |
   539 |    41 | 31344 |    22 |  1 |127 | 84 |note on      |
   540 |    41 | 31366 |     0 |  1 |  0 | 84 |note off     |
   541 |    41 | 31392 |    70 |  1 |127 | 81 |note on      |
   542 |    41 | 31462 |     0 |  1 |  0 | 81 |note off     |
   543 |    42 | 31488 |    22 |  1 |127 | 84 |note on      |
   544 |    42 | 31510 |     0 |  1 |  0 | 84 |note off     |
   545 |    42 | 31536 |    22 |  1 |127 | 83 |note on      |
   546 |    42 | 31558 |     0 |  1 |  0 | 83 |note off     |
   547 |    42 | 31584 |    22 |  1 |127 | 79 |note on      |
   548 |    42 | 31606 |     0 |  1 |  0 | 79 |note off     |
   549 |    42 | 31632 |    70 |  1 |127 | 84 |note on      |
   550 |    42 | 31702 |     0 |  1 |  0 | 84 |note off     |
   551 |    42 | 31728 |    22 |  1 |127 | 83 |note on      |
   552 |    42 | 31750 |     0 |  1 |  0 | 83 |note off     |
   553 |    42 | 31776 |    70 |  1 |127 | 79 |note on      |
   554 |    42 | 31846 |     0 |  1 |  0 | 79 |note off     |
   555 |    42 | 31872 |    22 |  1 |127 | 84 |note on      |
   556 |    42 | 31894 |     0 |  1 |  0 | 84 |note off     |
   557 |    42 | 31920 |    22 |  1 |127 | 83 |note on      |
   558 |    42 | 31942 |     0 |  1 |  0 | 83 |note off     |
   559 |    42 | 31968 |    22 |  1 |127 | 79 |note on      |
   560 |    42 | 31990 |     0 |  1 |  0 | 79 |note off     |
   561 |    42 | 32016 |    70 |  1 |127 | 86 |note on      |
   562 |    42 | 32086 |     0 |  1 |  0 | 86 |note off     |
   563 |    42 | 32112 |    22 |  1 |127 | 84 |note on      |
   564 |    42 | 32134 |     0 |  1 |  0 | 84 |note off     |
   565 |    42 | 32160 |    70 |  1 |127 | 79 |note on      |
   566 |    42 | 32230 |     0 |  1 |  0 | 79 |note off     |
   567 |    43 | 32256 |    22 |  1 |127 | 81 |note on      |
   568 |    43 | 32278 |     0 |  1 |  0 | 81 |note off     |
   569 |    43 | 32304 |    22 |  1 |127 | 79 |note on      |
   570 |    43 | 32326 |     0 |  1 |  0 | 79 |note off     |
   571 |    43 | 32352 |    22 |  1 |127 | 81 |note on      |
   572 |    43 | 32374 |     0 |  1 |  0 | 81 |note off     |
   573 |    43 | 32400 |    22 |  1 |127 | 88 |note on      |
   574 |    43 | 32422 |     0 |  1 |  0 | 88 |note off     |
   575 |    43 | 32448 |    22 |  1 |127 | 86 |note on      |
   576 |    43 | 32470 |     0 |  1 |  0 | 86 |note off     |
   577 |    43 | 32496 |    22 |  1 |127 | 84 |note on      |
   578 |    43 | 32518 |     0 |  1 |  0 | 84 |note off     |
   579 |    43 | 32544 |    70 |  1 |127 | 81 |note on      |
   580 |    43 | 32614 |     0 |  1 |  0 | 81 |note off     |
   581 |    43 | 32640 |    22 |  1 |127 | 81 |note on      |
   582 |    43 | 32662 |     0 |  1 |  0 | 81 |note off     |
   583 |    43 | 32688 |    22 |  1 |127 | 79 |note on      |
   584 |    43 | 32710 |     0 |  1 |  0 | 79 |note off     |
   585 |    43 | 32736 |    22 |  1 |127 | 81 |note on      |
   586 |    43 | 32758 |     0 |  1 |  0 | 81 |note off     |
   587 |    43 | 32784 |    22 |  1 |127 | 88 |note on      |
   588 |    43 | 32806 |     0 |  1 |  0 | 88 |note off     |
   589 |    43 | 32832 |    22 |  1 |127 | 86 |note on      |
   590 |    43 | 32854 |     0 |  1 |  0 | 86 |note off     |
   591 |    43 | 32880 |    22 |  1 |127 | 84 |note on      |
   592 |    43 | 32902 |     0 |  1 |  0 | 84 |note off     |
   593 |    43 | 32928 |    70 |  1 |127 | 81 |note on      |
   594 |    43 | 32998 |     0 |  1 |  0 | 81 |note off     |
   595 |    44 | 33024 |    22 |  1 |127 | 84 |note on      |
   596 |    44 | 33046 |     0 |  1 |  0 | 84 |note off     |
   597 |    44 | 33072 |    22 |  1 |127 | 84 |note on      |
   598 |    44 | 33094 |     0 |  1 |  0 | 84 |note off     |
   599 |    44 | 33168 |    22 |  1 |127 | 84 |note on      |
   600 |    44 | 33190 |     0 |  1 |  0 | 84 |note off     |
   601 |    44 | 33216 |    22 |  1 |127 | 86 |note on      |
   602 |    44 | 33238 |     0 |  1 |  0 | 86 |note off     |
   603 |    44 | 33312 |    22 |  1 |127 | 86 |note on      |
   604 |    44 | 33334 |     0 |  1 |  0 | 86 |note off     |
   605 |    44 | 33408 |    22 |  1 |127 | 88 |note on      |
   606 |    44 | 33430 |     0 |  1 |  0 | 88 |note off     |
   607 |    44 | 33456 |    22 |  1 |127 | 88 |note on      |
   608 |    44 | 33478 |     0 |  1 |  0 | 88 |note off     |
   609 |    44 | 33552 |    22 |  1 |127 | 88 |note on      |
   610 |    44 | 33574 |     0 |  1 |  0 | 88 |note off     |
   611 |    44 | 33600 |    22 |  1 |127 | 86 |note on      |
   612 |    44 | 33622 |     0 |  1 |  0 | 86 |note off     |
   613 |    44 | 33696 |    22 |  1 |127 | 86 |note on      |
   614 |    44 | 33718 |     0 |  1 |  0 | 86 |note off     |
   615 |    45 | 33792 |    22 |  1 |127 | 81 |note on      |
   616 |    45 | 33814 |     0 |  1 |  0 | 81 |note off     |
   617 |    45 | 33840 |    22 |  1 |127 | 79 |note on      |
   618 |    45 | 33862 |     0 |  1 |  0 | 79 |note off     |
   619 |    45 | 33888 |    22 |  1 |127 | 81 |note on      |
   620 |    45 | 33910 |     0 |  1 |  0 | 81 |note off     |
   621 |    45 | 33936 |    22 |  1 |127 | 88 |note on      |
   622 |    45 | 33958 |     0 |  1 |  0 | 88 |note off     |
   623 |    45 | 33984 |    22 |  1 |127 | 86 |note on      |
   624 |    45 | 34006 |     0 |  1 |  0 | 86 |note off     |
   625 |    45 | 34032 |    22 |  1 |127 | 84 |note on      |
   626 |    45 | 34054 |     0 |  1 |  0 | 84 |note off     |
   627 |    45 | 34080 |    70 |  1 |127 | 81 |note on      |
   628 |    45 | 34150 |     0 |  1 |  0 | 81 |note off     |
   629 |    45 | 34176 |    22 |  1 |127 | 81 |note on      |
   630 |    45 | 34198 |     0 |  1 |  0 | 81 |note off     |
   631 |    45 | 34224 |    22 |  1 |127 | 79 |note on      |
   632 |    45 | 34246 |     0 |  1 |  0 | 79 |note off     |
   633 |    45 | 34272 |    22 |  1 |127 | 81 |note on      |
   634 |    45 | 34294 |     0 |  1 |  0 | 81 |note off     |
   635 |    45 | 34320 |    22 |  1 |127 | 88 |note on      |
   636 |    45 | 34342 |     0 |  1 |  0 | 88 |note off     |
   637 |    45 | 34368 |    22 |  1 |127 | 86 |note on      |
   638 |    45 | 34390 |     0 |  1 |  0 | 86 |note off     |
   639 |    45 | 34416 |    22 |  1 |127 | 84 |note on      |
   640 |    45 | 34438 |     0 |  1 |  0 | 84 |note off     |
   641 |    45 | 34464 |    70 |  1 |127 | 81 |note on      |
   642 |    45 | 34534 |     0 |  1 |  0 | 81 |note off     |
   643 |    46 | 34560 |    22 |  1 |127 | 84 |note on      |
   644 |    46 | 34582 |     0 |  1 |  0 | 84 |note off     |
   645 |    46 | 34608 |    22 |  1 |127 | 83 |note on      |
   646 |    46 | 34630 |     0 |  1 |  0 | 83 |note off     |
   647 |    46 | 34656 |    22 |  1 |127 | 79 |note on      |
   648 |    46 | 34678 |     0 |  1 |  0 | 79 |note off     |
   649 |    46 | 34704 |    70 |  1 |127 | 84 |note on      |
   650 |    46 | 34774 |     0 |  1 |  0 | 84 |note off     |
   651 |    46 | 34800 |    22 |  1 |127 | 83 |note on      |
   652 |    46 | 34822 |     0 |  1 |  0 | 83 |note off     |
   653 |    46 | 34848 |    70 |  1 |127 | 79 |note on      |
   654 |    46 | 34918 |     0 |  1 |  0 | 79 |note off     |
   655 |    46 | 34944 |    22 |  1 |127 | 84 |note on      |
   656 |    46 | 34966 |     0 |  1 |  0 | 84 |note off     |
   657 |    46 | 34992 |    22 |  1 |127 | 83 |note on      |
   658 |    46 | 35014 |     0 |  1 |  0 | 83 |note off     |
   659 |    46 | 35040 |    22 |  1 |127 | 79 |note on      |
   660 |    46 | 35062 |     0 |  1 |  0 | 79 |note off     |
   661 |    46 | 35088 |    70 |  1 |127 | 86 |note on      |
   662 |    46 | 35158 |     0 |  1 |  0 | 86 |note off     |
   663 |    46 | 35184 |    22 |  1 |127 | 84 |note on      |
   664 |    46 | 35206 |     0 |  1 |  0 | 84 |note off     |
   665 |    46 | 35232 |    70 |  1 |127 | 79 |note on      |
   666 |    46 | 35302 |     0 |  1 |  0 | 79 |note off     |
   667 |    47 | 35328 |    22 |  1 |127 | 81 |note on      |
   668 |    47 | 35350 |     0 |  1 |  0 | 81 |note off     |
   669 |    47 | 35376 |    22 |  1 |127 | 79 |note on      |
   670 |    47 | 35398 |     0 |  1 |  0 | 79 |note off     |
   671 |    47 | 35424 |    22 |  1 |127 | 81 |note on      |
   672 |    47 | 35446 |     0 |  1 |  0 | 81 |note off     |
   673 |    47 | 35472 |    22 |  1 |127 | 88 |note on      |
   674 |    47 | 35494 |     0 |  1 |  0 | 88 |note off     |
   675 |    47 | 35520 |    22 |  1 |127 | 86 |note on      |
   676 |    47 | 35542 |     0 |  1 |  0 | 86 |note off     |
   677 |    47 | 35568 |    22 |  1 |127 | 84 |note on      |
   678 |    47 | 35590 |     0 |  1 |  0 | 84 |note off     |
   679 |    47 | 35616 |    70 |  1 |127 | 81 |note on      |
   680 |    47 | 35686 |     0 |  1 |  0 | 81 |note off     |
   681 |    47 | 35712 |    22 |  1 |127 | 81 |note on      |
   682 |    47 | 35734 |     0 |  1 |  0 | 81 |note off     |
   683 |    47 | 35760 |    22 |  1 |127 | 79 |note on      |
   684 |    47 | 35782 |     0 |  1 |  0 | 79 |note off     |
   685 |    47 | 35808 |    22 |  1 |127 | 81 |note on      |
   686 |    47 | 35830 |     0 |  1 |  0 | 81 |note off     |
   687 |    47 | 35856 |    22 |  1 |127 | 88 |note on      |
   688 |    47 | 35878 |     0 |  1 |  0 | 88 |note off     |
   689 |    47 | 35904 |    22 |  1 |127 | 86 |note on      |
   690 |    47 | 35926 |     0 |  1 |  0 | 86 |note off     |
   691 |    47 | 35952 |    22 |  1 |127 | 84 |note on      |
   692 |    47 | 35974 |     0 |  1 |  0 | 84 |note off     |
   693 |    47 | 36000 |    70 |  1 |127 | 81 |note on      |
   694 |    47 | 36070 |     0 |  1 |  0 | 81 |note off     |
   695 |    48 | 36096 |    96 |  1 |100 | 88 |note on      |
   696 |    48 | 36192 |     0 |  1 |  0 | 88 |note off     |
   697 |    48 | 36193 |    93 |  1 |100 | 87 |note on      |
   698 |    48 | 36286 |     0 |  1 |  0 | 87 |note off     |
   699 |    48 | 36288 |    94 |  1 |100 | 86 |note on      |
   700 |    48 | 36382 |     0 |  1 |  0 | 86 |note off     |
   701 |    48 | 36384 |    96 |  1 |100 | 85 |note on      |
   702 |    48 | 36480 |     0 |  1 |  0 | 85 |note off     |
   703 |    48 | 36480 |    96 |  1 |100 | 84 |note on      |
   704 |    48 | 36576 |     0 |  1 |  0 | 84 |note off     |
   705 |    48 | 36576 |    96 |  1 |100 | 85 |note on      |
   706 |    48 | 36672 |     0 |  1 |  0 | 85 |note off     |
   707 |    48 | 36672 |    96 |  1 |100 | 86 |note on      |
   708 |    48 | 36768 |     0 |  1 |  0 | 86 |note off     |
   709 |    48 | 36768 |    96 |  1 |100 | 87 |note on      |
   710 |    49 | 36864 |     0 |  1 |  0 | 87 |note off     |
   711 |    49 | 37046 |    48 |  0 |127 | 81 |note on      |
   712 |    49 | 37094 |     0 |  0 |  0 | 81 |note off     |
   713 |    49 | 37142 |    48 |  0 |127 | 81 |note on      |
   714 |    49 | 37190 |     0 |  0 |  0 | 81 |note off     |
   715 |    49 | 37238 |    48 |  0 |127 | 83 |note on      |
   716 |    49 | 37286 |     0 |  0 |  0 | 83 |note off     |
   717 |    49 | 37334 |   336 |  0 |127 | 84 |note on      |
   718 |    50 | 37670 |     0 |  0 |  0 | 84 |note off     |
   719 |    50 | 37814 |    48 |  0 |127 | 81 |note on      |
   720 |    50 | 37862 |     0 |  0 |  0 | 81 |note off     |
   721 |    50 | 37910 |    48 |  0 |127 | 81 |note on      |
   722 |    50 | 37958 |     0 |  0 |  0 | 81 |note off     |
   723 |    50 | 38006 |    48 |  0 |127 | 83 |note on      |
   724 |    50 | 38054 |     0 |  0 |  0 | 83 |note off     |
   725 |    50 | 38102 |   144 |  0 |127 | 84 |note on      |
   726 |    50 | 38246 |     0 |  0 |  0 | 84 |note off     |
   727 |    50 | 38294 |   144 |  0 |127 | 83 |note on      |
   728 |    51 | 38438 |     0 |  0 |  0 | 83 |note off     |
   729 |    51 | 38486 |   144 |  0 |127 | 81 |note on      |
   730 |    51 | 38630 |     0 |  0 |  0 | 81 |note off     |
   731 |    51 | 38678 |   432 |  0 |127 | 79 |note on      |
   732 |    51 | 39110 |     0 |  0 |  0 | 79 |note off     |
   733 |    51 | 39158 |   144 |  0 |127 | 77 |note on      |
   734 |    52 | 39302 |     0 |  0 |  0 | 77 |note off     |
   735 |    52 | 39350 |   144 |  0 |127 | 79 |note on      |
   736 |    52 | 39494 |     0 |  0 |  0 | 79 |note off     |
   737 |    52 | 39542 |    48 |  0 |127 | 77 |note on      |
   738 |    52 | 39590 |     0 |  0 |  0 | 77 |note off     |
   739 |    52 | 39638 |   240 |  0 |127 | 76 |note on      |
   740 |    52 | 39878 |     0 |  0 |  0 | 76 |note off     |
   741 |    53 | 40118 |    48 |  0 |127 | 81 |note on      |
   742 |    53 | 40166 |     0 |  0 |  0 | 81 |note off     |
   743 |    53 | 40214 |    48 |  0 |127 | 81 |note on      |
   744 |    53 | 40262 |     0 |  0 |  0 | 81 |note off     |
   745 |    53 | 40310 |    48 |  0 |127 | 83 |note on      |
   746 |    53 | 40358 |     0 |  0 |  0 | 83 |note off     |
   747 |    53 | 40406 |   240 |  0 |127 | 84 |note on      |
   748 |    53 | 40646 |     0 |  0 |  0 | 84 |note off     |
   749 |    54 | 40886 |    48 |  0 |127 | 81 |note on      |
   750 |    54 | 40934 |     0 |  0 |  0 | 81 |note off     |
   751 |    54 | 40982 |    48 |  0 |127 | 81 |note on      |
   752 |    54 | 41030 |     0 |  0 |  0 | 81 |note off     |
   753 |    54 | 41078 |    48 |  0 |127 | 83 |note on      |
   754 |    54 | 41126 |     0 |  0 |  0 | 83 |note off     |
   755 |    54 | 41174 |   144 |  0 |127 | 84 |note on      |
   756 |    54 | 41318 |     0 |  0 |  0 | 84 |note off     |
   757 |    54 | 41366 |   144 |  0 |127 | 83 |note on      |
   758 |    55 | 41510 |     0 |  0 |  0 | 83 |note off     |
   759 |    55 | 41558 |   144 |  0 |127 | 81 |note on      |
   760 |    55 | 41702 |     0 |  0 |  0 | 81 |note off     |
   761 |    55 | 41750 |   432 |  0 |127 | 79 |note on      |
   762 |    55 | 42182 |     0 |  0 |  0 | 79 |note off     |
   763 |    55 | 42230 |   144 |  0 |127 | 77 |note on      |
   764 |    56 | 42374 |     0 |  0 |  0 | 77 |note off     |
   765 |    56 | 42422 |   144 |  0 |127 | 79 |note on      |
   766 |    56 | 42566 |     0 |  0 |  0 | 79 |note off     |
   767 |    56 | 42614 |    48 |  0 |127 | 77 |note on      |
   768 |    56 | 42662 |     0 |  0 |  0 | 77 |note off     |
   769 |    56 | 42710 |   240 |  0 |127 | 76 |note on      |
   770 |    56 | 42950 |     0 |  0 |  0 | 76 |note off     |
   771 |    56 | 42998 |   144 |  0 |127 | 72 |note on      |
   772 |    57 | 43142 |     0 |  0 |  0 | 72 |note off     |
   773 |    57 | 43190 |   144 |  0 |127 | 72 |note on      |
   774 |    57 | 43334 |     0 |  0 |  0 | 72 |note off     |
   775 |    57 | 43382 |    48 |  0 |127 | 71 |note on      |
   776 |    57 | 43430 |     0 |  0 |  0 | 71 |note off     |
   777 |    57 | 43478 |    48 |  0 |127 | 72 |note on      |
   778 |    57 | 43526 |     0 |  0 |  0 | 72 |note off     |
   779 |    57 | 43574 |   144 |  0 |127 | 72 |note on      |
   780 |    57 | 43718 |     0 |  0 |  0 | 72 |note off     |
   781 |    57 | 43766 |    48 |  0 |127 | 74 |note on      |
   782 |    58 | 43814 |     0 |  0 |  0 | 74 |note off     |
   783 |    58 | 43862 |    48 |  0 |127 | 76 |note on      |
   784 |    58 | 43910 |     0 |  0 |  0 | 76 |note off     |
   785 |    58 | 43958 |    48 |  0 |127 | 74 |note on      |
   786 |    58 | 44006 |     0 |  0 |  0 | 74 |note off     |
   787 |    58 | 44054 |    48 |  0 |127 | 72 |note on      |
   788 |    58 | 44102 |     0 |  0 |  0 | 72 |note off     |
   789 |    58 | 44150 |    48 |  0 |127 | 74 |note on      |
   790 |    58 | 44198 |     0 |  0 |  0 | 74 |note off     |
   791 |    58 | 44246 |   240 |  0 |127 | 72 |note on      |
   792 |    58 | 44486 |     0 |  0 |  0 | 72 |note off     |
   793 |    58 | 44534 |   144 |  0 |127 | 69 |note on      |
   794 |    59 | 44678 |     0 |  0 |  0 | 69 |note off     |
   795 |    59 | 44726 |   144 |  0 |127 | 69 |note on      |
   796 |    59 | 44870 |     0 |  0 |  0 | 69 |note off     |
   797 |    59 | 44918 |    48 |  0 |127 | 67 |note on      |
   798 |    59 | 44966 |     0 |  0 |  0 | 67 |note off     |
   799 |    59 | 45014 |    48 |  0 |127 | 69 |note on      |
   800 |    59 | 45062 |     0 |  0 |  0 | 69 |note off     |
   801 |    59 | 45110 |   144 |  0 |127 | 69 |note on      |
   802 |    59 | 45254 |     0 |  0 |  0 | 69 |note off     |
   803 |    59 | 45302 |    48 |  0 |127 | 69 |note on      |
   804 |    60 | 45350 |     0 |  0 |  0 | 69 |note off     |
   805 |    60 | 45398 |    48 |  0 |127 | 67 |note on      |
   806 |    60 | 45446 |     0 |  0 |  0 | 67 |note off     |
   807 |    60 | 45494 |    48 |  0 |127 | 64 |note on      |
   808 |    60 | 45542 |     0 |  0 |  0 | 64 |note off     |
   809 |    60 | 45590 |   144 |  0 |127 | 67 |note on      |
   810 |    60 | 45734 |     0 |  0 |  0 | 67 |note off     |
   811 |    60 | 45782 |    48 |  0 |127 | 64 |note on      |
   812 |    60 | 45830 |     0 |  0 |  0 | 64 |note off     |
   813 |    60 | 45878 |    48 |  0 |127 | 67 |note on      |
   814 |    60 | 45926 |     0 |  0 |  0 | 67 |note off     |
   815 |    60 | 45974 |    48 |  0 |127 | 69 |note on      |
   816 |    60 | 46022 |     0 |  0 |  0 | 69 |note off     |
   817 |    60 | 46070 |   144 |  0 |127 | 69 |note on      |
   818 |    61 | 46214 |     0 |  0 |  0 | 69 |note off     |
   819 |    61 | 46262 |   144 |  0 |127 | 69 |note on      |
   820 |    61 | 46406 |     0 |  0 |  0 | 69 |note off     |
   821 |    61 | 46454 |    48 |  0 |127 | 67 |note on      |
   822 |    61 | 46502 |     0 |  0 |  0 | 67 |note off     |
   823 |    61 | 46550 |    48 |  0 |127 | 69 |note on      |
   824 |    61 | 46598 |     0 |  0 |  0 | 69 |note off     |
   825 |    61 | 46646 |   144 |  0 |127 | 69 |note on      |
   826 |    61 | 46790 |     0 |  0 |  0 | 69 |note off     |
   827 |    61 | 46838 |    48 |  0 |127 | 71 |note on      |
   828 |    62 | 46886 |     0 |  0 |  0 | 71 |note off     |
   829 |    62 | 46934 |    48 |  0 |127 | 72 |note on      |
   830 |    62 | 46982 |     0 |  0 |  0 | 72 |note off     |
   831 |    62 | 47030 |    48 |  0 |127 | 71 |note on      |
   832 |    62 | 47078 |     0 |  0 |  0 | 71 |note off     |
   833 |    62 | 47126 |    48 |  0 |127 | 69 |note on      |
   834 |    62 | 47174 |     0 |  0 |  0 | 69 |note off     |
   835 |    62 | 47222 |    48 |  0 |127 | 71 |note on      |
   836 |    62 | 47270 |     0 |  0 |  0 | 71 |note off     |
   837 |    62 | 47318 |   240 |  0 |127 | 69 |note on      |
   838 |    62 | 47558 |     0 |  0 |  0 | 69 |note off     |
   839 |    62 | 47606 |   144 |  0 |127 | 69 |note on      |
   840 |    63 | 47750 |     0 |  0 |  0 | 69 |note off     |
   841 |    63 | 47798 |   144 |  0 |127 | 69 |note on      |
   842 |    63 | 47942 |     0 |  0 |  0 | 69 |note off     |
   843 |    63 | 47990 |    48 |  0 |127 | 67 |note on      |
   844 |    63 | 48038 |     0 |  0 |  0 | 67 |note off     |
   845 |    63 | 48086 |    48 |  0 |127 | 69 |note on      |
   846 |    63 | 48134 |     0 |  0 |  0 | 69 |note off     |
   847 |    63 | 48182 |   144 |  0 |127 | 69 |note on      |
   848 |    63 | 48326 |     0 |  0 |  0 | 69 |note off     |
   849 |    63 | 48374 |   144 |  0 |127 | 69 |note on      |
   850 |    64 | 48518 |     0 |  0 |  0 | 69 |note off     |
   851 |    64 | 48566 |   144 |  0 |127 | 71 |note on      |
   852 |    64 | 48710 |     0 |  0 |  0 | 71 |note off     |
   853 |    64 | 48758 |   144 |  0 |127 | 72 |note on      |
   854 |    64 | 48902 |     0 |  0 |  0 | 72 |note off     |
   855 |    64 | 48950 |   144 |  0 |127 | 74 |note on      |
   856 |    64 | 49094 |     0 |  0 |  0 | 74 |note off     |
   857 |    64 | 49142 |    10 |  0 |127 | 76 |note on      |
   858 |    65 | 49152 |     0 |  0 |  0 | 76 |note off     |
   859 |    65 | 49153 |    22 |  1 |127 | 69 |note on      |
   860 |    65 | 49175 |     0 |  1 |  0 | 69 |note off     |
   861 |    65 | 49200 |    22 |  1 |127 | 67 |note on      |
   862 |    65 | 49222 |     0 |  1 |  0 | 67 |note off     |
   863 |    65 | 49248 |    22 |  1 |127 | 69 |note on      |
   864 |    65 | 49270 |     0 |  1 |  0 | 69 |note off     |
   865 |    65 | 49296 |    22 |  1 |127 | 76 |note on      |
   866 |    65 | 49318 |     0 |  1 |  0 | 76 |note off     |
   867 |    65 | 49344 |    22 |  1 |127 | 74 |note on      |
   868 |    65 | 49366 |     0 |  1 |  0 | 74 |note off     |
   869 |    65 | 49392 |    22 |  1 |127 | 72 |note on      |
   870 |    65 | 49414 |     0 |  1 |  0 | 72 |note off     |
   871 |    65 | 49440 |    70 |  1 |127 | 69 |note on      |
   872 |    65 | 49510 |     0 |  1 |  0 | 69 |note off     |
   873 |    65 | 49536 |    22 |  1 |127 | 69 |note on      |
   874 |    65 | 49558 |     0 |  1 |  0 | 69 |note off     |
   875 |    65 | 49584 |    22 |  1 |127 | 67 |note on      |
   876 |    65 | 49606 |     0 |  1 |  0 | 67 |note off     |
   877 |    65 | 49632 |    22 |  1 |127 | 69 |note on      |
   878 |    65 | 49654 |     0 |  1 |  0 | 69 |note off     |
   879 |    65 | 49680 |    22 |  1 |127 | 76 |note on      |
   880 |    65 | 49702 |     0 |  1 |  0 | 76 |note off     |
   881 |    65 | 49728 |    22 |  1 |127 | 74 |note on      |
   882 |    65 | 49750 |     0 |  1 |  0 | 74 |note off     |
   883 |    65 | 49776 |    22 |  1 |127 | 72 |note on      |
   884 |    65 | 49798 |     0 |  1 |  0 | 72 |note off     |
   885 |    65 | 49824 |    70 |  1 |127 | 69 |note on      |
   886 |    65 | 49894 |     0 |  1 |  0 | 69 |note off     |
   887 |    66 | 49920 |    22 |  1 |127 | 72 |note on      |
   888 |    66 | 49942 |     0 |  1 |  0 | 72 |note off     |
   889 |    66 | 49968 |    22 |  1 |127 | 71 |note on      |
   890 |    66 | 49990 |     0 |  1 |  0 | 71 |note off     |
   891 |    66 | 50016 |    22 |  1 |127 | 67 |note on      |
   892 |    66 | 50038 |     0 |  1 |  0 | 67 |note off     |
   893 |    66 | 50064 |    70 |  1 |127 | 72 |note on      |
   894 |    66 | 50134 |     0 |  1 |  0 | 72 |note off     |
   895 |    66 | 50160 |    22 |  1 |127 | 71 |note on      |
   896 |    66 | 50182 |     0 |  1 |  0 | 71 |note off     |
   897 |    66 | 50208 |    70 |  1 |127 | 67 |note on      |
   898 |    66 | 50278 |     0 |  1 |  0 | 67 |note off     |
   899 |    66 | 50304 |    22 |  1 |127 | 72 |note on      |
   900 |    66 | 50326 |     0 |  1 |  0 | 72 |note off     |
   901 |    66 | 50352 |    22 |  1 |127 | 71 |note on      |
   902 |    66 | 50374 |     0 |  1 |  0 | 71 |note off     |
   903 |    66 | 50400 |    22 |  1 |127 | 67 |note on      |
   904 |    66 | 50422 |     0 |  1 |  0 | 67 |note off     |
   905 |    66 | 50448 |    70 |  1 |127 | 74 |note on      |
   906 |    66 | 50518 |     0 |  1 |  0 | 74 |note off     |
   907 |    66 | 50544 |    22 |  1 |127 | 72 |note on      |
   908 |    66 | 50566 |     0 |  1 |  0 | 72 |note off     |
   909 |    66 | 50592 |    70 |  1 |127 | 67 |note on      |
   910 |    66 | 50662 |     0 |  1 |  0 | 67 |note off     |
   911 |    67 | 50688 |    22 |  1 |127 | 69 |note on      |
   912 |    67 | 50710 |     0 |  1 |  0 | 69 |note off     |
   913 |    67 | 50736 |    22 |  1 |127 | 67 |note on      |
   914 |    67 | 50758 |     0 |  1 |  0 | 67 |note off     |
   915 |    67 | 50784 |    22 |  1 |127 | 69 |note on      |
   916 |    67 | 50806 |     0 |  1 |  0 | 69 |note off     |
   917 |    67 | 50832 |    22 |  1 |127 | 76 |note on      |
   918 |    67 | 50854 |     0 |  1 |  0 | 76 |note off     |
   919 |    67 | 50880 |    22 |  1 |127 | 74 |note on      |
   920 |    67 | 50902 |     0 |  1 |  0 | 74 |note off     |
   921 |    67 | 50928 |    22 |  1 |127 | 72 |note on      |
   922 |    67 | 50950 |     0 |  1 |  0 | 72 |note off     |
   923 |    67 | 50976 |    70 |  1 |127 | 69 |note on      |
   924 |    67 | 51046 |     0 |  1 |  0 | 69 |note off     |
   925 |    67 | 51072 |    22 |  1 |127 | 69 |note on      |
   926 |    67 | 51094 |     0 |  1 |  0 | 69 |note off     |
   927 |    67 | 51120 |    22 |  1 |127 | 67 |note on      |
   928 |    67 | 51142 |     0 |  1 |  0 | 67 |note off     |
   929 |    67 | 51168 |    22 |  1 |127 | 69 |note on      |
   930 |    67 | 51190 |     0 |  1 |  0 | 69 |note off     |
   931 |    67 | 51216 |    22 |  1 |127 | 76 |note on      |
   932 |    67 | 51238 |     0 |  1 |  0 | 76 |note off     |
   933 |    67 | 51264 |    22 |  1 |127 | 74 |note on      |
   934 |    67 | 51286 |     0 |  1 |  0 | 74 |note off     |
   935 |    67 | 51312 |    22 |  1 |127 | 72 |note on      |
   936 |    67 | 51334 |     0 |  1 |  0 | 72 |note off     |
   937 |    67 | 51360 |    70 |  1 |127 | 69 |note on      |
   938 |    67 | 51430 |     0 |  1 |  0 | 69 |note off     |
   939 |    68 | 51456 |    22 |  1 |127 | 72 |note on      |
   940 |    68 | 51478 |     0 |  1 |  0 | 72 |note off     |
   941 |    68 | 51504 |    22 |  1 |127 | 72 |note on      |
   942 |    68 | 51526 |     0 |  1 |  0 | 72 |note off     |
   943 |    68 | 51600 |    22 |  1 |127 | 72 |note on      |
   944 |    68 | 51622 |     0 |  1 |  0 | 72 |note off     |
   945 |    68 | 51648 |    22 |  1 |127 | 74 |note on      |
   946 |    68 | 51670 |     0 |  1 |  0 | 74 |note off     |
   947 |    68 | 51744 |    22 |  1 |127 | 74 |note on      |
   948 |    68 | 51766 |     0 |  1 |  0 | 74 |note off     |
   949 |    68 | 51840 |    22 |  1 |127 | 76 |note on      |
   950 |    68 | 51862 |     0 |  1 |  0 | 76 |note off     |
   951 |    68 | 51888 |    22 |  1 |127 | 76 |note on      |
   952 |    68 | 51910 |     0 |  1 |  0 | 76 |note off     |
   953 |    68 | 51984 |    22 |  1 |127 | 76 |note on      |
   954 |    68 | 52006 |     0 |  1 |  0 | 76 |note off     |
   955 |    68 | 52032 |    22 |  1 |127 | 74 |note on      |
   956 |    68 | 52054 |     0 |  1 |  0 | 74 |note off     |
   957 |    68 | 52128 |    22 |  1 |127 | 74 |note on      |
   958 |    68 | 52150 |     0 |  1 |  0 | 74 |note off     |
   959 |    69 | 52224 |    22 |  1 |127 | 69 |note on      |
   960 |    69 | 52246 |     0 |  1 |  0 | 69 |note off     |
   961 |    69 | 52272 |    22 |  1 |127 | 67 |note on      |
   962 |    69 | 52294 |     0 |  1 |  0 | 67 |note off     |
   963 |    69 | 52320 |    22 |  1 |127 | 69 |note on      |
   964 |    69 | 52342 |     0 |  1 |  0 | 69 |note off     |
   965 |    69 | 52368 |    22 |  1 |127 | 76 |note on      |
   966 |    69 | 52390 |     0 |  1 |  0 | 76 |note off     |
   967 |    69 | 52416 |    22 |  1 |127 | 74 |note on      |
   968 |    69 | 52438 |     0 |  1 |  0 | 74 |note off     |
   969 |    69 | 52464 |    22 |  1 |127 | 72 |note on      |
   970 |    69 | 52486 |     0 |  1 |  0 | 72 |note off     |
   971 |    69 | 52512 |    70 |  1 |127 | 69 |note on      |
   972 |    69 | 52582 |     0 |  1 |  0 | 69 |note off     |
   973 |    69 | 52608 |    22 |  1 |127 | 69 |note on      |
   974 |    69 | 52630 |     0 |  1 |  0 | 69 |note off     |
   975 |    69 | 52656 |    22 |  1 |127 | 67 |note on      |
   976 |    69 | 52678 |     0 |  1 |  0 | 67 |note off     |
   977 |    69 | 52704 |    22 |  1 |127 | 69 |note on      |
   978 |    69 | 52726 |     0 |  1 |  0 | 69 |note off     |
   979 |    69 | 52752 |    22 |  1 |127 | 76 |note on      |
   980 |    69 | 52774 |     0 |  1 |  0 | 76 |note off     |
   981 |    69 | 52800 |    22 |  1 |127 | 74 |note on      |
   982 |    69 | 52822 |     0 |  1 |  0 | 74 |note off     |
   983 |    69 | 52848 |    22 |  1 |127 | 72 |note on      |
   984 |    69 | 52870 |     0 |  1 |  0 | 72 |note off     |
   985 |    69 | 52896 |    70 |  1 |127 | 69 |note on      |
   986 |    69 | 52966 |     0 |  1 |  0 | 69 |note off     |
   987 |    70 | 52992 |    22 |  1 |127 | 72 |note on      |
   988 |    70 | 53014 |     0 |  1 |  0 | 72 |note off     |
   989 |    70 | 53040 |    22 |  1 |127 | 71 |note on      |
   990 |    70 | 53062 |     0 |  1 |  0 | 71 |note off     |
   991 |    70 | 53088 |    22 |  1 |127 | 67 |note on      |
   992 |    70 | 53110 |     0 |  1 |  0 | 67 |note off     |
   993 |    70 | 53136 |    70 |  1 |127 | 72 |note on      |
   994 |    70 | 53206 |     0 |  1 |  0 | 72 |note off     |
   995 |    70 | 53232 |    22 |  1 |127 | 71 |note on      |
   996 |    70 | 53254 |     0 |  1 |  0 | 71 |note off     |
   997 |    70 | 53280 |    70 |  1 |127 | 67 |note on      |
   998 |    70 | 53350 |     0 |  1 |  0 | 67 |note off     |
   999 |    70 | 53376 |    22 |  1 |127 | 72 |note on      |
  1000 |    70 | 53398 |     0 |  1 |  0 | 72 |note off     |
  1001 |    70 | 53424 |    22 |  1 |127 | 71 |note on      |
  1002 |    70 | 53446 |     0 |  1 |  0 | 71 |note off     |
  1003 |    70 | 53472 |    22 |  1 |127 | 67 |note on      |
  1004 |    70 | 53494 |     0 |  1 |  0 | 67 |note off     |
  1005 |    70 | 53520 |    70 |  1 |127 | 74 |note on      |
  1006 |    70 | 53590 |     0 |  1 |  0 | 74 |note off     |
  1007 |    70 | 53616 |    22 |  1 |127 | 72 |note on      |
  1008 |    70 | 53638 |     0 |  1 |  0 | 72 |note off     |
  1009 |    70 | 53664 |    70 |  1 |127 | 67 |note on      |
  1010 |    70 | 53734 |     0 |  1 |  0 | 67 |note off     |
  1011 |    71 | 53760 |    22 |  1 |127 | 69 |note on      |
  1012 |    71 | 53782 |     0 |  1 |  0 | 69 |note off     |
  1013 |    71 | 53808 |    22 |  1 |127 | 67 |note on      |
  1014 |    71 | 53830 |     0 |  1 |  0 | 67 |note off     |
  1015 |    71 | 53856 |    22 |  1 |127 | 69 |note on      |
  1016 |    71 | 53878 |     0 |  1 |  0 | 69 |note off     |
  1017 |    71 | 53904 |    22 |  1 |127 | 76 |note on      |
  1018 |    71 | 53926 |     0 |  1 |  0 | 76 |note off     |
  1019 |    71 | 53952 |    22 |  1 |127 | 74 |note on      |
  1020 |    71 | 53974 |     0 |  1 |  0 | 74 |note off     |
  1021 |    71 | 54000 |    22 |  1 |127 | 72 |note on      |
  1022 |    71 | 54022 |     0 |  1 |  0 | 72 |note off     |
  1023 |    71 | 54048 |    70 |  1 |127 | 69 |note on      |
  1024 |    71 | 54118 |     0 |  1 |  0 | 69 |note off     |
  1025 |    71 | 54144 |    22 |  1 |127 | 69 |note on      |
  1026 |    71 | 54166 |     0 |  1 |  0 | 69 |note off     |
  1027 |    71 | 54192 |    22 |  1 |127 | 67 |note on      |
  1028 |    71 | 54214 |     0 |  1 |  0 | 67 |note off     |
  1029 |    71 | 54240 |    22 |  1 |127 | 69 |note on      |
  1030 |    71 | 54262 |     0 |  1 |  0 | 69 |note off     |
  1031 |    71 | 54288 |    22 |  1 |127 | 76 |note on      |
  1032 |    71 | 54310 |     0 |  1 |  0 | 76 |note off     |
  1033 |    71 | 54336 |    22 |  1 |127 | 74 |note on      |
  1034 |    71 | 54358 |     0 |  1 |  0 | 74 |note off     |
  1035 |    71 | 54384 |    22 |  1 |127 | 72 |note on      |
  1036 |    71 | 54406 |     0 |  1 |  0 | 72 |note off     |
  1037 |    71 | 54432 |    70 |  1 |127 | 69 |note on      |
  1038 |    71 | 54502 |     0 |  1 |  0 | 69 |note off     |
  1039 |    72 | 54624 |    96 |  1 |100 | 71 |note on      |
  1040 |    72 | 54720 |     0 |  1 |  0 | 71 |note off     |
  1041 |    72 | 54720 |    96 |  1 |100 | 70 |note on      |
  1042 |    72 | 54816 |     0 |  1 |  0 | 70 |note off     |
  1043 |    72 | 54816 |    96 |  1 |100 | 69 |note on      |
  1044 |    72 | 54912 |     0 |  1 |  0 | 69 |note off     |
  1045 |    72 | 54912 |    96 |  1 |100 | 68 |note on      |
  1046 |    72 | 55008 |     0 |  1 |  0 | 68 |note off     |
  1047 |    72 | 55008 |    96 |  1 |100 | 69 |note on      |
  1048 |    72 | 55104 |     0 |  1 |  0 | 69 |note off     |
  1049 |    72 | 55104 |    96 |  1 |100 | 70 |note on      |
  1050 |    72 | 55200 |     0 |  1 |  0 | 70 |note off     |
  1051 |    72 | 55200 |    96 |  1 |100 | 71 |note on      |
  1052 |    73 | 55296 |     0 |  1 |  0 | 71 |note off     |
  1053 |    73 | 55296 |   134 |  0 |127 | 72 |note on      |
  1054 |    73 | 55430 |     0 |  0 |  0 | 72 |note off     |
  1055 |    73 | 55478 |   144 |  0 |127 | 72 |note on      |
  1056 |    73 | 55622 |     0 |  0 |  0 | 72 |note off     |
  1057 |    73 | 55670 |   144 |  0 |127 | 71 |note on      |
  1058 |    73 | 55814 |     0 |  0 |  0 | 71 |note off     |
  1059 |    73 | 55862 |    48 |  0 |127 | 71 |note on      |
  1060 |    73 | 55910 |     0 |  0 |  0 | 71 |note off     |
  1061 |    73 | 55958 |   144 |  0 |127 | 71 |note on      |
  1062 |    74 | 56102 |     0 |  0 |  0 | 71 |note off     |
  1063 |    74 | 56150 |   240 |  0 |127 | 69 |note on      |
  1064 |    74 | 56390 |     0 |  0 |  0 | 69 |note off     |
  1065 |    74 | 56630 |    48 |  0 |127 | 69 |note on      |
  1066 |    74 | 56678 |     0 |  0 |  0 | 69 |note off     |
  1067 |    74 | 56726 |    48 |  0 |127 | 72 |note on      |
  1068 |    74 | 56774 |     0 |  0 |  0 | 72 |note off     |
  1069 |    74 | 56822 |   144 |  0 |127 | 74 |note on      |
  1070 |    75 | 56966 |     0 |  0 |  0 | 74 |note off     |
  1071 |    75 | 57014 |    48 |  0 |127 | 74 |note on      |
  1072 |    75 | 57062 |     0 |  0 |  0 | 74 |note off     |
  1073 |    75 | 57110 |    48 |  0 |127 | 79 |note on      |
  1074 |    75 | 57158 |     0 |  0 |  0 | 79 |note off     |
  1075 |    75 | 57216 |   134 |  0 |127 | 74 |note on      |
  1076 |    75 | 57350 |     0 |  0 |  0 | 74 |note off     |
  1077 |    75 | 57398 |    48 |  0 |127 | 79 |note on      |
  1078 |    75 | 57446 |     0 |  0 |  0 | 79 |note off     |
  1079 |    75 | 57494 |   240 |  0 |127 | 76 |note on      |
  1080 |    76 | 57734 |     0 |  0 |  0 | 76 |note off     |
  1081 |    76 | 57974 |   144 |  0 |127 | 79 |note on      |
  1082 |    76 | 58118 |     0 |  0 |  0 | 79 |note off     |
  1083 |    76 | 58166 |   144 |  0 |127 | 77 |note on      |
  1084 |    76 | 58310 |     0 |  0 |  0 | 77 |note off     |
  1085 |    76 | 58358 |   144 |  0 |127 | 76 |note on      |
  1086 |    77 | 58502 |     0 |  0 |  0 | 76 |note off     |
  1087 |    77 | 58550 |   144 |  0 |127 | 76 |note on      |
  1088 |    77 | 58694 |     0 |  0 |  0 | 76 |note off     |
  1089 |    77 | 58742 |   144 |  0 |127 | 74 |note on      |
  1090 |    77 | 58886 |     0 |  0 |  0 | 74 |note off     |
  1091 |    77 | 58934 |    48 |  0 |127 | 74 |note on      |
  1092 |    77 | 58982 |     0 |  0 |  0 | 74 |note off     |
  1093 |    77 | 59030 |   144 |  0 |127 | 74 |note on      |
  1094 |    78 | 59174 |     0 |  0 |  0 | 74 |note off     |
  1095 |    78 | 59222 |   240 |  0 |127 | 72 |note on      |
  1096 |    78 | 59462 |     0 |  0 |  0 | 72 |note off     |
  1097 |    78 | 59798 |   144 |  0 |127 | 74 |note on      |
  1098 |    79 | 59942 |     0 |  0 |  0 | 74 |note off     |
  1099 |    79 | 59990 |    48 |  0 |127 | 72 |note on      |
  1100 |    79 | 60038 |     0 |  0 |  0 | 72 |note off     |
  1101 |    79 | 60086 |    48 |  0 |127 | 74 |note on      |
  1102 |    79 | 60134 |     0 |  0 |  0 | 74 |note off     |
  1103 |    79 | 60182 |    48 |  0 |127 | 72 |note on      |
  1104 |    79 | 60230 |     0 |  0 |  0 | 72 |note off     |
  1105 |    79 | 60278 |   144 |  0 |127 | 74 |note on      |
  1106 |    79 | 60422 |     0 |  0 |  0 | 74 |note off     |
  1107 |    79 | 60470 |    48 |  0 |127 | 72 |note on      |
  1108 |    79 | 60518 |     0 |  0 |  0 | 72 |note off     |
  1109 |    79 | 60560 |   238 |  0 |127 | 76 |note on      |
  1110 |    80 | 60798 |     0 |  0 |  0 | 76 |note off     |
  1111 |    80 | 61046 |   144 |  0 |127 | 79 |note on      |
  1112 |    80 | 61190 |     0 |  0 |  0 | 79 |note off     |
  1113 |    80 | 61238 |   144 |  0 |127 | 77 |note on      |
  1114 |    80 | 61382 |     0 |  0 |  0 | 77 |note off     |
  1115 |    80 | 61430 |   144 |  0 |127 | 76 |note on      |
  1116 |    81 | 61574 |     0 |  0 |  0 | 76 |note off     |
  1117 |    81 | 61622 |   144 |  0 |127 | 76 |note on      |
  1118 |    81 | 61766 |     0 |  0 |  0 | 76 |note off     |
  1119 |    81 | 61814 |   144 |  0 |127 | 74 |note on      |
  1120 |    81 | 61958 |     0 |  0 |  0 | 74 |note off     |
  1121 |    81 | 62006 |    48 |  0 |127 | 74 |note on      |
  1122 |    81 | 62054 |     0 |  0 |  0 | 74 |note off     |
  1123 |    81 | 62102 |   144 |  0 |127 | 74 |note on      |
  1124 |    82 | 62246 |     0 |  0 |  0 | 74 |note off     |
  1125 |    82 | 62294 |   240 |  0 |127 | 72 |note on      |
  1126 |    82 | 62534 |     0 |  0 |  0 | 72 |note off     |
  1127 |    82 | 62774 |    48 |  0 |127 | 69 |note on      |
  1128 |    82 | 62822 |     0 |  0 |  0 | 69 |note off     |
  1129 |    82 | 62870 |    48 |  0 |127 | 72 |note on      |
  1130 |    82 | 62918 |     0 |  0 |  0 | 72 |note off     |
  1131 |    82 | 62966 |   144 |  0 |127 | 74 |note on      |
  1132 |    83 | 63110 |     0 |  0 |  0 | 74 |note off     |
  1133 |    83 | 63158 |    48 |  0 |127 | 74 |note on      |
  1134 |    83 | 63206 |     0 |  0 |  0 | 74 |note off     |
  1135 |    83 | 63254 |    48 |  0 |127 | 72 |note on      |
  1136 |    83 | 63302 |     0 |  0 |  0 | 72 |note off     |
  1137 |    83 | 63350 |   144 |  0 |127 | 74 |note on      |
  1138 |    83 | 63494 |     0 |  0 |  0 | 74 |note off     |
  1139 |    83 | 63542 |    48 |  0 |127 | 79 |note on      |
  1140 |    83 | 63590 |     0 |  0 |  0 | 79 |note off     |
  1141 |    83 | 63638 |   240 |  0 |127 | 76 |note on      |
  1142 |    84 | 63878 |     0 |  0 |  0 | 76 |note off     |
  1143 |    84 | 64118 |   144 |  0 |127 | 79 |note on      |
  1144 |    84 | 64262 |     0 |  0 |  0 | 79 |note off     |
  1145 |    84 | 64310 |   144 |  0 |127 | 77 |note on      |
  1146 |    84 | 64454 |     0 |  0 |  0 | 77 |note off     |
  1147 |    84 | 64502 |   144 |  0 |127 | 76 |note on      |
  1148 |    85 | 64646 |     0 |  0 |  0 | 76 |note off     |
  1149 |    85 | 64694 |   144 |  0 |127 | 76 |note on      |
  1150 |    85 | 64838 |     0 |  0 |  0 | 76 |note off     |
  1151 |    85 | 64886 |   144 |  0 |127 | 74 |note on      |
  1152 |    85 | 65030 |     0 |  0 |  0 | 74 |note off     |
  1153 |    85 | 65078 |    48 |  0 |127 | 74 |note on      |
  1154 |    85 | 65126 |     0 |  0 |  0 | 74 |note off     |
  1155 |    85 | 65174 |   144 |  0 |127 | 74 |note on      |
  1156 |    86 | 65318 |     0 |  0 |  0 | 74 |note off     |
  1157 |    86 | 65366 |   240 |  0 |127 | 72 |note on      |
  1158 |    86 | 65606 |     0 |  0 |  0 | 72 |note off     |
  1159 |    86 | 65942 |   144 |  0 |127 | 74 |note on      |
  1160 |    87 | 66086 |     0 |  0 |  0 | 74 |note off     |
  1161 |    87 | 66134 |    48 |  0 |127 | 72 |note on      |
  1162 |    87 | 66182 |     0 |  0 |  0 | 72 |note off     |
  1163 |    87 | 66230 |    48 |  0 |127 | 74 |note on      |
  1164 |    87 | 66278 |     0 |  0 |  0 | 74 |note off     |
  1165 |    87 | 66326 |    48 |  0 |127 | 72 |note on      |
  1166 |    87 | 66374 |     0 |  0 |  0 | 72 |note off     |
  1167 |    87 | 66422 |   144 |  0 |127 | 74 |note on      |
  1168 |    87 | 66566 |     0 |  0 |  0 | 74 |note off     |
  1169 |    87 | 66710 |   144 |  0 |127 | 76 |note on      |
  1170 |    88 | 66854 |     0 |  0 |  0 | 76 |note off     |
  1171 |    88 | 66902 |    48 |  0 |127 | 74 |note on      |
  1172 |    88 | 66950 |     0 |  0 |  0 | 74 |note off     |
  1173 |    88 | 66998 |    48 |  0 |127 | 76 |note on      |
  1174 |    88 | 67046 |     0 |  0 |  0 | 76 |note off     |
  1175 |    88 | 67094 |    48 |  0 |127 | 74 |note on      |
  1176 |    88 | 67142 |     0 |  0 |  0 | 74 |note off     |
  1177 |    88 | 67190 |   390 |  0 |127 | 76 |note on      |
  1178 |    88 | 67580 |     0 |  0 |  0 | 76 |note off     |
