NoteCount is 70

 Notes array: { 955, 955, 955, 1702, 955, 955, 1702, 955, 1702, 955, 1012, 1012, 1012, 1911, 1012, 1012, 1911, 1012, 1911,\
 1012, 955, 955, 955, 1702, 955, 955, 1702, 955, 1702, 955, 1012, 1012, 1012, 1911, 1012, 1012, 1911, 1012,\
 1911, 1012, 955, 955, 955, 1702, 955, 955, 1702, 955, 1702, 955, 1012, 1012, 1012, 1911, 1012, 1012, 1911,\
 1012, 1911, 1012, 955, 955, 955, 1702, 955, 955, 1702, 955, 1702, 955};

NoteCount is 70

 NoteNum array: { 460, 442, 435, 229, 447, 434, 236, 446, 229, 436, 443, 417, 410, 204, 422, 410, 211, 421, 204,\
 411, 469, 442, 435, 229, 447, 434, 236, 446, 229, 436, 443, 417, 410, 204, 422, 410, 211, 421,\
 204, 411, 469, 442, 435, 229, 447, 434, 236, 446, 229, 436, 443, 417, 410, 204, 422, 410, 211,\
 421, 204, 411, 469, 442, 435, 229, 447, 434, 236, 446, 229, 436};

NoteCount is 70

 TimeDelay array: { 166, 8550, 8550, 8550, 516, 9100, 8550, 516, 16, 516, 8550, 8550, 8550, 8550, 516, 9100, 8550, 516, 16,\
 516, 8550, 8550, 8550, 8550, 516, 9100, 8550, 516, 16, 516, 8550, 8550, 8550, 8550, 516, 9100, 8550, 516,\
 16, 516, 8550, 8550, 8550, 8550, 516, 9100, 8550, 516, 16, 516, 8550, 8550, 8550, 8550, 516, 9100, 8550,\
 516, 16, 516, 8550, 8550, 8550, 8550, 516, 9100, 8550, 516, 16, 516};

