

Ode to Joy:
NoteCount is 62

 Notes array: { 1516, 1516, 1431, 1275, 1275, 1431, 1516, 1702, 1911, 1911, 1702, 1516, 1516, 1702, 1702, 1516, 1516, 1431, 1275,\
 1275, 1431, 1516, 1702, 1911, 1911, 1702, 1516, 1702, 1911, 1911, 1702, 1702, 1516, 1911, 1702, 1516, 1431, 1516,\
 1911, 1702, 1516, 1431, 1516, 1702, 1911, 1702, 1275, 1516, 1516, 1431, 1275, 1275, 1431, 1516, 1702, 1911, 1911,\
 1702, 1516, 1702, 1911, 1911};

NoteCount is 62

 NoteNum array: { 164, 164, 174, 196, 196, 174, 164, 146, 130, 130, 146, 164, 164, 73, 146, 164, 164, 174, 196,\
 196, 174, 164, 146, 130, 130, 146, 164, 146, 65, 130, 146, 146, 164, 130, 146, 82, 87, 164,\
 130, 146, 82, 87, 164, 146, 130, 139, 196, 164, 164, 174, 196, 196, 174, 164, 146, 130, 130,\
 146, 164, 220, 65, 130};

NoteCount is 62

 TimeDelay array: { 0, 0, 0, 0, 0, 0, 0, 0, 0, 0, 0, 0, 0, 250000, 0, 500000, 0, 0, 0,\
 0, 0, 0, 0, 0, 0, 0, 0, 0, 250000, 0, 500000, 0, 0, 0, 0, 0, 0, 0,\
 0, 0, 0, 0, 0, 0, 0, 0, 25520, 500000, 0, 0, 0, 0, 0, 0, 0, 0, 0,\
 0, 0, 0, 0, 0};



Flight of the Bumblebee:
NoteCount is 1177

 Notes array: { 284, 300, 318, 337, 318, 337, 357, 379, 357, 379, 401, 425, 450, 477, 506, 536, 568, 601, 637,\
 675, 637, 675, 715, 758, 715, 758, 803, 851, 901, 955, 1012, 1072, 1136, 1203, 1275, 1351, 1275, 1351,\
 1431, 1516, 1136, 1203, 1275, 1351, 1275, 1351, 1431, 1516, 1136, 1203, 1275, 1351, 1431, 1072, 1136, 1203, 1136,\
 1203, 1275, 1351, 1431, 1351, 1275, 1203, 1136, 1203, 1275, 1351, 1431, 1072, 1136, 1203, 1136, 1203, 1275, 1351,\
 1431, 1351, 1275, 1203, 1136, 1203, 1275, 1351, 1275, 1351, 1431, 1516, 1431, 1351, 1275, 1203, 1136, 1072, 1136,\
 1203, 1136, 1203, 1275, 1351, 1275, 1351, 1431, 1516, 1431, 1351, 1275, 1203, 1136, 1012, 955, 901, 851, 901,\
 955, 1012, 1072, 803, 851, 901, 851, 901, 955, 1012, 1072, 1012, 955, 901, 851, 901, 955, 1012, 1072,\
 803, 851, 901, 851, 901, 955, 1012, 1072, 1012, 955, 901, 851, 901, 955, 1012, 955, 1012, 1072, 1136,\
 1072, 1012, 955, 901, 851, 803, 851, 901, 851, 901, 955, 1012, 955, 1012, 1072, 1136, 1072, 1012, 955,\
 901, 851, 803, 851, 901, 851, 1702, 1702, 1702, 1702, 1702, 1702, 1702, 1607, 1702, 1607, 1607, 1702, 1607,\
 803, 851, 851, 851, 851, 851, 851, 851, 851, 803, 851, 803, 803, 851, 803, 851, 803, 851, 901,\
 851, 803, 851, 901, 851, 803, 851, 901, 851, 803, 851, 901, 851, 803, 758, 715, 675, 715, 758,\
 803, 851, 803, 758, 715, 675, 715, 758, 803, 851, 1275, 1275, 1275, 1275, 1275, 1275, 1275, 1203, 1275,\
 1203, 1203, 1275, 1203, 601, 637, 637, 637, 637, 637, 637, 637, 601, 637, 601, 601, 637, 601, 637,\
 601, 637, 637, 601, 637, 637, 601, 637, 637, 601, 637, 675, 637, 601, 568, 536, 506, 536, 568,\
 601, 637, 601, 568, 536, 506, 536, 568, 601, 637, 675, 715, 758, 803, 601, 637, 675, 637, 675,\
 715, 758, 803, 758, 715, 675, 637, 675, 715, 758, 715, 758, 803, 851, 803, 758, 715, 675, 715,\
 675, 637, 601, 568, 601, 637, 675, 637, 675, 715, 758, 715, 758, 803, 851, 901, 955, 1012, 1072,\
 1136, 1072, 1136, 1203, 1136, 1072, 1136, 1203, 1136, 1072, 1136, 1203, 1136, 1072, 1136, 1203, 1136, 1072, 1136,\
 1203, 1136, 1072, 1136, 1203, 1136, 1072, 1136, 1203, 1136, 1072, 1136, 1203, 1136, 1203, 1275, 1351, 1275, 1351,\
 1431, 1516, 1431, 1516, 1607, 1702, 1803, 1911, 2024, 2145, 2272, 2145, 2272, 2407, 2272, 2145, 2272, 2407, 2272,\
 2145, 2272, 2407, 2272, 2145, 2272, 2407, 2272, 2145, 2272, 2407, 2272, 2145, 2272, 2407, 2272, 2145, 2272, 2407,\
 2272, 2145, 2272, 2407, 2272, 2145, 2024, 1911, 1803, 1702, 1607, 1516, 1431, 1351, 1275, 1203, 1136, 1072, 1012,\
 955, 901, 851, 803, 758, 715, 675, 637, 601, 568, 536, 568, 601, 568, 536, 568, 601, 1136, 1203,\
 1275, 1351, 1431, 1072, 1136, 1203, 1136, 1203, 1275, 1351, 1431, 1351, 1275, 1203, 1136, 1203, 1275, 1351, 1431,\
 1072, 1136, 1203, 1136, 1203, 1275, 1351, 1431, 1351, 1275, 1203, 1136, 1203, 1275, 1351, 1275, 1351, 1431, 1516,\
 1431, 1351, 1275, 1203, 1136, 1072, 1136, 1203, 1136, 1203, 1275, 1351, 1275, 1351, 1431, 1516, 1431, 1351, 1275,\
 1203, 1136, 1012, 955, 901, 851, 901, 955, 1012, 1072, 803, 851, 901, 851, 901, 955, 1012, 1072, 1012,\
 955, 901, 851, 901, 955, 1012, 1072, 803, 851, 901, 851, 901, 955, 1012, 1072, 1012, 955, 901, 851,\
 901, 955, 1012, 955, 1012, 1072, 1136, 1072, 1012, 955, 901, 851, 803, 851, 901, 851, 901, 955, 1012,\
 955, 1012, 1072, 1136, 1072, 1012, 955, 901, 851, 803, 851, 901, 851, 1702, 1702, 1702, 1702, 1702, 1702,\
 1702, 1607, 1702, 1607, 1607, 1702, 1607, 803, 851, 851, 851, 851, 851, 851, 851, 851, 803, 851, 803,\
 803, 851, 803, 851, 803, 851, 901, 851, 803, 851, 901, 851, 803, 851, 901, 851, 803, 851, 901,\
 851, 803, 758, 715, 675, 715, 758, 803, 851, 803, 758, 715, 675, 715, 758, 803, 851, 1275, 1275,\
 1275, 1275, 1275, 1275, 1275, 1203, 1275, 1203, 1203, 1275, 1203, 601, 637, 637, 637, 637, 637, 637, 637,\
 601, 637, 601, 601, 637, 601, 637, 601, 637, 675, 637, 601, 637, 675, 637, 601, 637, 675, 637,\
 601, 637, 675, 637, 601, 568, 536, 506, 536, 568, 601, 637, 601, 568, 536, 506, 536, 568, 601,\
 637, 675, 715, 758, 803, 601, 637, 675, 637, 675, 715, 758, 803, 758, 715, 675, 637, 675, 715,\
 758, 715, 758, 803, 851, 803, 758, 715, 675, 715, 675, 637, 601, 568, 601, 637, 675, 637, 675,\
 715, 758, 715, 758, 803, 851, 901, 955, 1012, 1072, 1136, 1072, 1136, 1203, 1136, 1072, 1136, 1203, 1136,\
 1072, 1136, 1203, 1136, 1072, 1136, 1203, 1136, 1072, 1136, 1203, 1136, 1072, 1136, 1203, 1136, 1072, 1136, 1203,\
 1136, 1072, 1136, 1203, 1136, 1203, 1275, 1351, 1275, 1351, 1431, 1516, 1431, 1516, 1607, 1702, 1803, 1911, 2024,\
 2145, 2272, 2145, 2272, 2407, 2272, 2145, 2272, 2407, 2272, 2145, 2272, 2407, 2272, 2145, 2272, 2407, 2272, 2145,\
 2272, 2407, 2272, 2145, 2272, 2407, 2272, 2145, 2272, 2272, 2145, 2272, 2407, 2272, 2145, 2024, 1911, 1803, 1702,\
 1607, 1516, 1431, 1351, 1275, 1203, 1072, 1012, 955, 901, 851, 803, 758, 715, 675, 637, 601, 568, 536,\
 568, 601, 568, 536, 568, 601, 568, 601, 637, 675, 715, 536, 568, 601, 568, 601, 637, 675, 715,\
 675, 637, 601, 568, 601, 637, 675, 715, 536, 568, 601, 568, 601, 637, 675, 715, 675, 637, 601,\
 568, 601, 637, 675, 637, 675, 715, 758, 715, 675, 637, 601, 568, 536, 568, 601, 568, 601, 637,\
 675, 637, 675, 715, 758, 715, 675, 637, 601, 568, 506, 477, 450, 425, 450, 477, 506, 536, 401,\
 425, 450, 425, 450, 477, 506, 536, 506, 477, 450, 425, 450, 477, 506, 536, 401, 425, 450, 425,\
 450, 477, 506, 536, 506, 477, 450, 425, 450, 477, 506, 477, 506, 536, 568, 536, 506, 477, 450,\
 425, 401, 425, 450, 425, 450, 477, 506, 536, 506, 477, 450, 425, 379, 357, 318, 284, 268, 284,\
 300, 284, 300, 318, 337, 357, 268, 284, 300, 284, 300, 318, 337, 357, 337, 318, 300, 284, 300,\
 318, 337, 357, 268, 284, 300, 284, 300, 318, 337, 357, 337, 318, 300, 284, 450, 425, 401, 379,\
 357, 337, 318, 337, 357, 379, 357, 379, 401, 425, 450, 425, 401, 379, 357, 337, 318, 300, 284,\
 268, 284, 300, 284, 268, 284, 300, -2147483648, 901, 851, 803, 758, 715, 675, 637, 675, 715, 758, 715,\
 758, 803, 851, 901, 851, 803, 758, 715, 675, 637, 601, 568, 536, 568, 601, 568, 506, 477, 450,\
 425, 450, 477, 506, 477, 506, 536, 568, 536, 568, 601, 637, 675, 715, 758, 803, 851, 901, 955,\
 1012, 955, 1012, 1072, 1136, 1072, 1136, 1203, 1275, 1351, 1431, 1516, 1607, 1702, 1607, 1702, 1803, 1607, 1702,\
 1607, 1702, 1607, 1702, 1516, 1702, 1431, 1702, 1275, 1136, 1072, 1136, 1203, 1072, 1136, 1072, 1136, 1072, 1136,\
 1012, 1136, 955, 1136, 901, 851, 2272, 2145, 2024, 1911, 1803, 1702, 1607, 1516, 1431, 1351, 1275, 1203, 1136,\
 1136, 1136, 1012, 955, 901, 851, 803, 758, 715, 675, 637, 601, 568, 506, 477, 450, 425, 425};

NoteCount is 1177

 NoteNum array: { 220, 208, 196, 185, 196, 185, 175, 164, 175, 164, 155, 147, 138, 131, 123, 92, 110, 103, 98,\
 92, 98, 92, 87, 82, 87, 82, 77, 73, 69, 65, 61, 46, 55, 51, 49, 46, 49, 46,\
 43, 41, 55, 51, 49, 46, 49, 46, 43, 32, 55, 51, 49, 46, 43, 58, 55, 51, 55,\
 51, 49, 46, 43, 46, 49, 41, 55, 51, 49, 46, 43, 58, 55, 51, 55, 51, 49, 46,\
 43, 46, 49, 41, 55, 51, 49, 46, 49, 46, 43, 41, 43, 46, 49, 51, 55, 58, 55,\
 41, 55, 51, 49, 46, 49, 46, 43, 41, 43, 46, 49, 51, 55, 61, 65, 55, 73, 69,\
 65, 61, 58, 77, 73, 69, 73, 69, 65, 61, 58, 61, 65, 55, 73, 69, 65, 61, 58,\
 77, 73, 69, 73, 69, 65, 61, 58, 61, 65, 55, 73, 69, 65, 61, 65, 61, 58, 55,\
 58, 61, 65, 69, 73, 77, 73, 55, 73, 69, 65, 61, 65, 61, 58, 55, 58, 61, 65,\
 69, 73, 77, 73, 55, 73, 29, 17, 17, 17, 17, 17, 17, 38, 36, 38, 38, 36, 38,\
 77, 35, 35, 35, 35, 35, 35, 35, 35, 37, 35, 37, 37, 35, 37, 73, 77, 73, 69,\
 73, 77, 73, 69, 73, 77, 73, 69, 73, 77, 73, 55, 73, 77, 82, 87, 92, 87, 82,\
 77, 73, 77, 82, 87, 92, 87, 82, 62, 73, 39, 23, 23, 23, 23, 23, 23, 51, 49,\
 51, 51, 49, 51, 103, 47, 47, 47, 47, 47, 47, 47, 103, 98, 103, 103, 98, 103, 98,\
 103, 98, 98, 103, 98, 98, 103, 98, 98, 103, 98, 73, 98, 103, 110, 116, 123, 116, 110,\
 82, 98, 103, 110, 116, 123, 116, 110, 82, 98, 92, 87, 82, 77, 103, 98, 92, 98, 92,\
 87, 82, 77, 82, 87, 73, 98, 92, 87, 82, 87, 82, 77, 73, 77, 82, 87, 92, 87,\
 92, 98, 82, 110, 103, 98, 92, 98, 92, 87, 82, 87, 82, 77, 73, 69, 65, 61, 46,\
 54, 58, 55, 51, 54, 58, 55, 51, 55, 58, 55, 51, 55, 58, 55, 41, 54, 58, 55,\
 51, 54, 58, 55, 51, 55, 58, 55, 51, 55, 58, 55, 41, 54, 51, 49, 46, 49, 46,\
 43, 41, 43, 41, 38, 36, 34, 32, 30, 23, 27, 29, 27, 25, 27, 29, 27, 25, 27,\
 29, 27, 25, 27, 29, 27, 20, 27, 29, 27, 25, 27, 29, 27, 25, 27, 29, 27, 25,\
 27, 29, 27, 20, 27, 29, 30, 32, 34, 36, 38, 41, 43, 46, 49, 51, 51, 58, 61,\
 52, 69, 73, 77, 82, 87, 92, 98, 103, 110, 116, 110, 103, 110, 116, 87, 103, 55, 51,\
 49, 46, 43, 58, 55, 51, 55, 51, 49, 46, 43, 46, 49, 41, 55, 51, 49, 46, 43,\
 58, 55, 51, 55, 51, 49, 46, 43, 46, 49, 41, 55, 51, 49, 46, 49, 46, 43, 41,\
 43, 46, 49, 51, 55, 58, 55, 41, 55, 51, 49, 46, 49, 46, 43, 41, 43, 46, 49,\
 51, 55, 61, 65, 55, 73, 69, 65, 61, 58, 77, 73, 69, 73, 69, 65, 61, 58, 61,\
 65, 55, 73, 69, 65, 61, 58, 77, 73, 69, 73, 69, 65, 61, 58, 61, 65, 55, 73,\
 69, 65, 61, 65, 61, 58, 55, 58, 61, 65, 69, 73, 77, 73, 55, 73, 69, 65, 61,\
 65, 61, 58, 55, 58, 61, 65, 69, 73, 77, 73, 55, 73, 29, 17, 17, 17, 17, 17,\
 17, 38, 36, 38, 38, 36, 38, 77, 35, 35, 35, 35, 35, 35, 35, 35, 37, 35, 37,\
 37, 35, 37, 73, 77, 73, 69, 73, 77, 73, 69, 73, 77, 73, 69, 73, 77, 73, 55,\
 73, 77, 82, 87, 92, 87, 82, 77, 73, 77, 82, 87, 92, 87, 82, 62, 73, 39, 23,\
 23, 23, 23, 23, 23, 51, 49, 51, 51, 49, 51, 103, 47, 47, 47, 47, 47, 47, 47,\
 103, 98, 103, 103, 98, 103, 98, 103, 98, 92, 98, 103, 98, 73, 98, 103, 98, 92, 98,\
 103, 98, 73, 98, 103, 110, 116, 123, 116, 110, 82, 98, 103, 110, 116, 123, 116, 110, 82,\
 98, 92, 87, 82, 77, 103, 98, 92, 98, 92, 87, 82, 77, 82, 87, 73, 98, 92, 87,\
 82, 87, 82, 77, 73, 77, 82, 87, 92, 87, 92, 98, 82, 110, 103, 98, 92, 98, 92,\
 87, 82, 87, 82, 77, 73, 69, 65, 61, 46, 54, 58, 55, 51, 54, 58, 55, 51, 55,\
 58, 55, 51, 55, 58, 55, 41, 55, 58, 55, 51, 54, 58, 55, 51, 55, 58, 55, 51,\
 55, 58, 55, 41, 55, 51, 49, 46, 49, 46, 43, 41, 43, 41, 38, 36, 34, 32, 30,\
 23, 27, 29, 27, 25, 27, 29, 27, 25, 27, 29, 27, 25, 27, 29, 27, 20, 25, 29,\
 26, 25, 25, 29, 21, 23, 25, 29, 26, 26, 29, 26, 20, 27, 29, 30, 32, 34, 36,\
 38, 41, 43, 46, 49, 51, 58, 61, 52, 69, 73, 77, 82, 87, 92, 98, 103, 110, 116,\
 110, 103, 110, 116, 87, 103, 110, 103, 98, 92, 87, 116, 110, 103, 110, 103, 98, 92, 87,\
 92, 98, 82, 110, 103, 98, 92, 87, 116, 110, 103, 110, 103, 98, 92, 87, 92, 98, 82,\
 110, 103, 98, 92, 98, 92, 87, 82, 87, 92, 98, 103, 110, 116, 110, 82, 110, 103, 98,\
 92, 98, 92, 87, 82, 87, 92, 98, 103, 110, 123, 131, 110, 147, 138, 131, 123, 116, 155,\
 147, 138, 147, 138, 131, 123, 116, 123, 131, 110, 147, 138, 131, 123, 116, 155, 147, 138, 147,\
 138, 131, 123, 116, 123, 131, 110, 147, 138, 131, 123, 131, 123, 116, 110, 116, 123, 131, 138,\
 147, 155, 147, 110, 147, 138, 131, 123, 116, 123, 131, 138, 147, 164, 175, 196, 220, 233, 220,\
 166, 220, 208, 196, 185, 175, 233, 220, 208, 220, 208, 196, 185, 175, 185, 196, 166, 220, 208,\
 196, 185, 175, 233, 220, 208, 220, 208, 196, 185, 175, 185, 196, 208, 350, 138, 147, 155, 164,\
 175, 185, 196, 185, 175, 164, 175, 164, 155, 117, 138, 147, 155, 164, 175, 185, 196, 208, 220,\
 233, 220, 208, 220, 233, 220, 208, 0, 69, 73, 77, 82, 87, 92, 98, 92, 87, 82, 87,\
 82, 77, 58, 69, 73, 77, 82, 87, 92, 98, 103, 110, 116, 110, 103, 110, 123, 131, 110,\
 147, 138, 131, 123, 131, 123, 116, 110, 116, 110, 103, 78, 92, 87, 82, 77, 73, 69, 65,\
 61, 65, 61, 58, 43, 58, 55, 51, 49, 46, 43, 41, 38, 36, 38, 36, 34, 38, 36,\
 38, 36, 38, 36, 41, 36, 43, 36, 49, 55, 58, 55, 51, 58, 55, 58, 55, 58, 55,\
 61, 55, 65, 55, 69, 146, 27, 29, 30, 32, 34, 36, 38, 41, 43, 46, 49, 41, 0,\
 0, 53, 61, 65, 69, 73, 77, 82, 87, 92, 98, 103, 110, 123, 131, 110, 1176, 1176};

NoteCount is 1177

 TimeDelay array: { 0, 0, 0, 0, 0, 0, 0, 0, 0, 0, 0, 0, 0, 0, 0, 0, 253, 0, 0,\
 0, 0, 0, 0, 0, 0, 0, 0, 0, 0, 0, 0, 0, 253, 0, 0, 0, 0, 0,\
 0, 0, 0, 0, 0, 0, 0, 0, 0, 0, 253, 0, 0, 0, 0, 0, 0, 0, 0,\
 0, 0, 0, 0, 0, 0, 0, 253, 0, 0, 0, 0, 0, 0, 0, 0, 0, 0, 0,\
 0, 0, 0, 0, 253, 0, 0, 0, 0, 0, 0, 0, 0, 0, 0, 0, 0, 0, 0,\
 0, 253, 0, 0, 0, 0, 0, 0, 0, 0, 0, 0, 0, 0, 0, 0, 0, 253, 0,\
 0, 0, 0, 0, 0, 0, 0, 0, 0, 0, 0, 0, 0, 0, 253, 0, 0, 0, 0,\
 0, 0, 0, 0, 0, 0, 0, 0, 0, 0, 0, 253, 0, 0, 0, 0, 0, 0, 0,\
 0, 0, 0, 0, 0, 0, 0, 0, 253, 0, 0, 0, 0, 0, 0, 0, 0, 0, 0,\
 0, 0, 0, 0, 0, 253, 0, 253, 644, 644, 644, 644, 644, 644, 0, 0, 1250, 0, 0,\
 0, 0, 644, 644, 644, 644, 644, 644, 644, 644, 644, 644, 1894, 644, 644, 1894, 0, 0, 0,\
 0, 0, 0, 0, 0, 0, 0, 0, 0, 0, 0, 0, 253, 0, 0, 0, 0, 0, 0,\
 0, 0, 0, 0, 0, 0, 0, 0, 0, 253, 0, 253, 644, 644, 644, 644, 644, 644, 0,\
 0, 1250, 0, 0, 0, 1250, 644, 644, 644, 644, 644, 644, 644, 0, 0, 1250, 0, 0, 1250,\
 0, 0, 1250, 0, 0, 1250, 0, 0, 1250, 0, 0, 0, 253, 0, 0, 0, 0, 0, 0,\
 0, 253, 0, 0, 0, 0, 0, 0, 0, 253, 0, 0, 0, 0, 0, 0, 0, 0, 0,\
 0, 0, 0, 0, 0, 0, 253, 0, 0, 0, 0, 0, 0, 0, 0, 0, 0, 0, 0,\
 0, 0, 0, 253, 0, 0, 0, 0, 0, 0, 0, 0, 0, 0, 0, 0, 0, 0, 0,\
 253, 19, 0, 0, 0, 19, 0, 0, 0, 0, 0, 0, 0, 0, 0, 0, 253, 19, 0,\
 0, 0, 19, 0, 0, 0, 0, 0, 0, 0, 0, 0, 0, 253, 19, 0, 0, 0, 0,\
 0, 0, 0, 0, 0, 0, 0, 0, 0, 0, 253, 0, 0, 0, 0, 0, 0, 0, 0,\
 0, 0, 0, 0, 0, 0, 0, 253, 0, 0, 0, 0, 0, 0, 0, 0, 0, 0, 0,\
 0, 0, 0, 0, 253, 0, 0, 0, 0, 0, 0, 0, 0, 0, 0, 0, 78, 0, 0,\
 0, 253, 0, 0, 0, 0, 0, 0, 0, 0, 0, 0, 0, 0, 0, 0, 253, 0, 0,\
 0, 0, 0, 0, 0, 0, 0, 0, 0, 0, 0, 0, 0, 0, 253, 0, 0, 0, 0,\
 0, 0, 0, 0, 0, 0, 0, 0, 0, 0, 0, 253, 0, 0, 0, 0, 0, 0, 0,\
 0, 0, 0, 0, 0, 0, 0, 0, 253, 0, 0, 0, 0, 0, 0, 0, 0, 0, 0,\
 0, 0, 0, 0, 0, 253, 0, 0, 0, 0, 0, 0, 0, 0, 0, 0, 0, 0, 0,\
 0, 0, 253, 0, 0, 0, 0, 0, 0, 0, 0, 0, 0, 0, 0, 0, 0, 0, 253,\
 0, 0, 0, 0, 0, 0, 0, 0, 0, 0, 0, 0, 0, 0, 0, 253, 0, 0, 0,\
 0, 0, 0, 0, 0, 0, 0, 0, 0, 0, 0, 0, 253, 0, 253, 644, 644, 644, 644,\
 644, 644, 0, 0, 1250, 0, 0, 0, 0, 644, 644, 644, 644, 644, 644, 644, 644, 644, 644,\
 1894, 644, 644, 1894, 0, 0, 0, 0, 0, 0, 0, 0, 0, 0, 0, 0, 0, 0, 0,\
 253, 0, 0, 0, 0, 0, 0, 0, 0, 0, 0, 0, 0, 0, 0, 0, 253, 0, 253,\
 644, 644, 644, 644, 644, 644, 0, 0, 1250, 0, 0, 0, 1250, 644, 644, 644, 644, 644, 644,\
 644, 0, 0, 1250, 0, 0, 1250, 0, 0, 0, 0, 0, 0, 0, 253, 0, 0, 0, 0,\
 0, 0, 0, 253, 0, 0, 0, 0, 0, 0, 0, 253, 0, 0, 0, 0, 0, 0, 0,\
 253, 0, 0, 0, 0, 0, 0, 0, 0, 0, 0, 0, 0, 0, 0, 0, 253, 0, 0,\
 0, 0, 0, 0, 0, 0, 0, 0, 0, 0, 0, 0, 0, 253, 0, 0, 0, 0, 0,\
 0, 0, 0, 0, 0, 0, 0, 0, 0, 0, 253, 19, 0, 0, 0, 19, 0, 0, 0,\
 0, 0, 0, 0, 0, 0, 0, 253, 0, 0, 0, 0, 19, 0, 0, 0, 0, 0, 0,\
 0, 0, 0, 0, 253, 0, 0, 0, 0, 0, 0, 0, 0, 0, 0, 0, 0, 0, 0,\
 0, 253, 0, 0, 0, 0, 19, 0, 0, 0, 0, 0, 0, 0, 0, 0, 0, 253, 78,\
 0, 58, 78, 0, 234, 39, 175, 0, 332, 957, 58, 0, 39, 253, 0, 0, 0, 0, 0,\
 0, 0, 0, 0, 0, 0, 1250, 0, 0, 253, 0, 0, 0, 0, 0, 0, 0, 0, 0,\
 0, 0, 0, 0, 0, 253, 0, 0, 0, 0, 0, 0, 0, 0, 0, 0, 0, 0, 0,\
 0, 0, 0, 253, 0, 0, 0, 0, 0, 0, 0, 0, 0, 0, 0, 0, 0, 0, 0,\
 253, 0, 0, 0, 0, 0, 0, 0, 0, 0, 0, 0, 0, 0, 0, 0, 253, 0, 0,\
 0, 0, 0, 0, 0, 0, 0, 0, 0, 0, 0, 0, 0, 253, 0, 0, 0, 0, 0,\
 0, 0, 0, 0, 0, 0, 0, 0, 0, 0, 253, 0, 0, 0, 0, 0, 0, 0, 0,\
 0, 0, 0, 0, 0, 0, 0, 253, 0, 0, 0, 0, 0, 0, 0, 0, 0, 0, 0,\
 0, 0, 0, 0, 253, 0, 0, 0, 0, 0, 0, 0, 0, 0, 0, 0, 0, 0, 0,\
 0, 253, 0, 0, 0, 0, 0, 0, 0, 0, 0, 0, 0, 0, 0, 0, 0, 253, 0,\
 0, 0, 0, 0, 0, 0, 0, 0, 0, 0, 0, 0, 0, 0, 0, 507, 0, 0, 0,\
 0, 0, 0, 0, 0, 0, 0, 0, 0, 0, 253, 0, 0, 0, 0, 0, 0, 0, 0,\
 0, 0, 0, 0, 0, 0, 0, 0, 507, 0, 0, 0, 0, 0, 0, 0, 0, 0, 0,\
 0, 0, 0, 253, 0, 0, 0, 0, 0, 0, 0, 0, 0, 0, 0, 0, 0, 0, 0,\
 253, 0, 0, 0, 0, 0, 0, 0, 0, 0, 0, 0, 253, 0, 0, 0, 0, 0, 0,\
 0, 0, 0, 0, 0, 253, 0, 0, 0, 0, 0, 0, 0, 0, 0, 0, 0, 0, 0,\
 0, 1250, 0, 0, 0, 0, 0, 0, 0, 0, 0, 0, 0, 0, 0, 0, 1250, 0, 0,\
 0, 0, 0, 0, 0, 0, 2500, 0, 0, 0, 0, 0, 0, 0, 0, 0, 0, 0, 253,\
 1250, 39, 0, 0, 0, 0, 0, 0, 0, 0, 0, 0, 0, 0, 0, 0, 253, 0};

Inferno - Berskerk:
NoteCount is 322

 Notes array: { 1803, 1803, 1803, 901, 901, 901, 901, 955, 901, 803, 758, 758, 758, 758, 803, 758, 675, 601, 601,\
 601, 601, 675, 601, 568, 601, 601, 601, 601, 675, 758, 803, 1136, 1203, 1351, 1516, 1607, 1516, 1351,\
 1516, 1607, 1516, 2024, 1803, 1607, 1516, 1607, 2407, 1607, 1516, 1351, 1516, 1351, 1203, 2024, 1516, 1351, 1203,\
 1136, 1203, 2024, 1516, 1351, 1203, 1136, 1203, 2024, 1516, 1351, 1203, 1136, 1012, 1203, 2024, 1516, 1351, 1203,\
 1136, 1203, 2024, 1516, 1351, 1203, 1136, 1203, 2024, 1203, 1351, 1516, 1607, 1516, 1516, 1516, 1607, 1803, 1911,\
 2272, 2407, 1803, 1607, 1607, 2407, 2407, 1516, 2407, 2407, 1351, 1516, 1607, 1516, 1607, 2024, 2407, 1803, 1607,\
 1516, 1516, 1607, 1803, 1911, 1607, 1516, 1351, 1351, 1516, 1607, 1803, 2407, 2407, 1516, 2407, 2407, 1351, 1516,\
 1607, 1516, 1607, 2024, 1803, 2407, 2407, 2407, 2272, 2407, 2407, 2702, 3033, 3214, 3033, 1203, 1203, 1203, 1136,\
 1203, 1203, 803, 901, 803, 758, 901, 955, 1351, 1516, 675, 1203, 758, 803, 758, 675, 601, 675, 758,\
 1203, 1351, 758, 803, 901, 901, 1803, 1012, 1203, 1351, 1203, 1351, 1516, 1012, 1203, 1351, 1203, 901, 901,\
 901, 901, 901, 901, 1136, 1203, 1351, 1516, 1607, 1516, 1351, 1516, 1607, 1516, 2024, 1803, 1607, 1516, 1607,\
 2407, 1607, 1516, 1351, 1516, 1136, 1203, 1351, 1516, 1607, 1516, 1351, 1516, 1607, 1516, 2024, 1803, 1607, 1516,\
 1351, 1516, 1607, 1516, 1351, 1203, 901, 901, 901, 901, 803, 955, 758, 758, 758, 758, 675, 601, 568,\
 601, 675, 758, 803, 758, 675, 758, 803, 901, 601, 1012, 758, 675, 601, 568, 601, 1012, 758, 675,\
 601, 568, 601, 1012, 758, 675, 601, 568, 506, 601, 1012, 758, 675, 601, 568, 601, 1012, 758, 675,\
 601, 568, 601, 1012, 601, 675, 758, 803, 758, 601, 901, 601, 901, 1012, 901, 601, 901, 601, 901,\
 1012, 901, 675, 901, 1012, 901, 601, 901, 1012, 901, 803, 758, 758, 758, 758, 758, 758, 901};

NoteCount is 322

 NoteNum array: { 62, 62, 62, 62, 124, 62, 124, 117, 124, 140, 74, 37, 74, 148, 140, 148, 166, 93, 187,\
 93, 187, 166, 187, 198, 93, 187, 93, 187, 166, 148, 140, 99, 93, 83, 74, 70, 74, 124,\
 74, 35, 148, 55, 62, 70, 74, 140, 46, 70, 74, 83, 148, 83, 46, 27, 37, 41, 46,\
 49, 46, 27, 37, 41, 46, 49, 46, 27, 37, 41, 46, 49, 333, 46, 27, 37, 41, 46,\
 49, 46, 27, 37, 41, 46, 49, 46, 27, 46, 41, 37, 35, 222, 74, 74, 70, 31, 58,\
 24, 70, 62, 35, 140, 23, 23, 148, 23, 23, 166, 74, 70, 37, 70, 27, 140, 31, 35,\
 111, 37, 35, 31, 117, 35, 37, 124, 41, 37, 35, 62, 23, 23, 148, 23, 23, 166, 74,\
 70, 37, 70, 27, 187, 46, 23, 23, 49, 70, 23, 62, 37, 17, 111, 150, 98, 46, 101,\
 140, 46, 210, 124, 70, 445, 374, 117, 83, 74, 166, 46, 222, 140, 148, 166, 187, 166, 148,\
 93, 83, 148, 210, 579, 62, 31, 55, 46, 41, 46, 41, 37, 55, 46, 41, 46, 62, 124,\
 62, 124, 124, 124, 99, 93, 83, 74, 70, 74, 124, 74, 35, 148, 55, 62, 70, 74, 140,\
 46, 70, 74, 83, 222, 99, 93, 83, 74, 70, 74, 124, 74, 35, 148, 55, 62, 70, 74,\
 166, 74, 70, 74, 83, 280, 62, 62, 62, 62, 140, 235, 74, 74, 74, 74, 166, 374, 198,\
 187, 166, 148, 140, 148, 250, 148, 70, 374, 93, 55, 74, 83, 93, 99, 93, 55, 74, 83,\
 93, 99, 93, 55, 74, 83, 93, 99, 666, 93, 55, 74, 83, 93, 99, 93, 55, 74, 83,\
 93, 99, 93, 55, 93, 83, 74, 70, 445, 46, 31, 46, 31, 27, 31, 46, 31, 46, 31,\
 27, 31, 41, 31, 27, 31, 46, 31, 27, 31, 140, 74, 74, 74, 74, 74, 74, 124};

NoteCount is 322

 TimeDelay array: { 0, 250, 250, 250, 125, 250, 125, 250, 250, 250, 250, 125, 1937, 125, 250, 250, 250, 250, 125,\
 250, 125, 250, 250, 250, 250, 125, 250, 125, 250, 250, 250, 250, 250, 250, 250, 250, 250, 250,\
 375, 250, 125, 500, 250, 250, 250, 250, 500, 250, 250, 250, 250, 500, 250, 125, 125, 125, 125,\
 125, 125, 125, 125, 125, 125, 125, 125, 125, 125, 125, 125, 125, 125, 750, 125, 125, 125, 125,\
 125, 125, 125, 125, 125, 125, 125, 125, 125, 125, 125, 125, 125, 125, 3250, 250, 250, 250, 125,\
 250, 125, 375, 250, 125, 500, 125, 125, 500, 125, 125, 500, 250, 250, 125, 250, 125, 750, 125,\
 125, 375, 125, 125, 125, 500, 125, 125, 375, 125, 125, 125, 250, 125, 125, 500, 125, 125, 500,\
 250, 250, 125, 250, 125, 3250, 250, 125, 125, 250, 375, 125, 375, 250, 125, 750, 125, 125, 125,\
 203, 375, 125, 375, 250, 125, 750, 750, 250, 250, 250, 250, 125, 375, 250, 250, 250, 250, 250,\
 250, 250, 250, 250, 375, 812, 125, 125, 125, 125, 125, 125, 125, 125, 125, 125, 125, 125, 125,\
 250, 125, 250, 250, 2750, 250, 250, 250, 250, 250, 250, 375, 250, 125, 500, 250, 250, 250, 250,\
 500, 250, 250, 250, 250, 750, 250, 250, 250, 250, 250, 250, 375, 250, 125, 500, 250, 250, 250,\
 250, 500, 250, 250, 250, 250, 3250, 125, 125, 125, 125, 250, 3000, 125, 125, 125, 125, 250, 500,\
 250, 250, 250, 250, 250, 250, 375, 250, 125, 750, 125, 125, 125, 125, 125, 125, 125, 125, 125,\
 125, 125, 125, 125, 125, 125, 125, 125, 125, 750, 125, 125, 125, 125, 125, 125, 125, 125, 125,\
 125, 125, 125, 125, 125, 125, 125, 125, 125, 750, 62, 62, 62, 62, 62, 62, 62, 62, 62,\
 62, 62, 62, 62, 62, 62, 62, 62, 62, 62, 62, 250, 125, 125, 125, 125, 125, 125};

Though the fire and the flames:

NoteCount is 2218

 Notes array: { 1911, 1702, 1607, 1911, 1702, 1607, 1911, 1702, 1275, 1607, 1431, 1702, 1607, 1911, 1702, 2145, 1911, 1702, 1607,\
 1911, 1702, 1607, 1911, 1702, 1275, 1607, 1431, 1702, 1607, 1911, 1702, 2145, 1911, 1702, 1607, 1911, 1702, 1607,\
 1911, 1702, 1275, 1607, 1431, 1702, 1607, 1911, 1702, 2145, 1911, 1702, 1607, 1911, 1702, 1607, 1911, 1702, 1275,\
 1607, 1431, 1702, 1607, 1911, 1702, 2145, 1911, 1702, 1607, 1911, 1702, 1607, 1911, 1702, 1275, 1607, 1431, 1702,\
 1607, 1911, 1702, 2145, 1911, 1702, 1607, 1911, 1702, 1607, 1911, 1702, 1275, 1607, 1431, 1702, 1607, 1911, 1702,\
 2145, 1911, 1702, 1607, 1911, 1702, 1607, 1911, 1702, 1275, 1607, 1431, 1702, 1607, 1911, 1702, 2145, 1911, 1702,\
 1607, 1911, 1702, 1607, 1911, 1702, 1072, 1275, 1607, 1911, 2145, 1911, 1607, 1275, 1072, 1275, 1607, 1702, 1911,\
 1702, 1607, 1275, 1607, 1911, 1607, 1911, 1607, 1911, 1607, 1911, 1607, 1911, 1607, 1911, 1275, 1911, 1275, 1911,\
 1275, 1911, 1275, 1911, 1275, 1911, 1275, 1911, 1431, 1911, 1431, 1911, 1431, 1911, 1431, 1911, 1431, 1911, 1431,\
 1911, 1607, 1911, 1607, 1911, 1607, 1911, 1275, 1203, 1072, 955, 1203, 1072, 955, 851, 1072, 955, 851, 803,\
 955, 851, 803, 715, 1607, 1607, 1911, 1607, 1607, 1911, 1607, 1911, 1607, 1607, 1911, 1607, 1607, 1911, 1607,\
 1911, 1275, 1275, 1911, 1275, 1275, 1911, 1275, 1911, 1275, 1275, 1911, 1275, 1275, 1911, 1275, 1911, 1431, 1431,\
 1911, 1431, 1431, 1911, 1431, 1911, 1431, 1431, 1911, 1431, 1431, 1911, 1431, 1911, 1607, 1607, 1911, 1607, 1607,\
 1911, 1607, 1911, 1275, 1431, 1275, 1431, 1275, 1431, 1275, 1431, 1275, 1431, 1275, 1431, 1275, 1431, 1275, 1431,\
 1275, 1275, 1275, 1431, 1607, 1431, 1275, 1431, 1607, 1431, 1275, 1431, 1607, 1911, 1431, 1607, 1431, 1431, 1431,\
 1607, 1431, 1275, 1431, 1607, 1431, 1275, 1431, 1607, 1911, 803, 477, 401, 477, 637, 803, 637, 803, 637,\
 477, 1275, 1275, 1275, 1431, 1607, 1431, 1607, 1275, 1911, 1607, 1431, 1275, 1431, 1607, 1911, 1607, 1431, 1431,\
 1431, 1607, 1431, 1275, 1431, 1431, 1275, 1431, 1607, 1911, 1275, 1275, 1275, 1431, 1607, 1431, 1431, 1607, 1275,\
 1911, 1607, 1431, 1275, 1431, 1607, 1911, 1607, 1607, 1431, 1431, 1431, 1607, 1431, 1275, 1431, 1607, 1431, 1275,\
 1431, 1607, 1911, 1431, 1275, 1203, 1203, 1275, 1431, 1203, 1203, 1275, 1431, 1275, 1275, 1431, 1607, 1431, 1607,\
 1911, 1275, 1203, 1203, 1275, 1431, 1203, 1203, 1275, 1431, 1072, 2145, 1607, 1431, 1275, 1431, 1607, 1072, 1072,\
 1072, 1072, 1203, 1275, 1607, 1607, 1431, 1275, 1275, 1203, 1275, 1431, 1431, 1275, 1431, 1275, 1431, 1607, 1607,\
 1275, 1275, 1431, 1607, 1607, 1607, 1431, 1275, 1275, 1431, 1607, 1072, 1275, 1203, 1203, 1203, 1203, 1203, 1275,\
 1431, 1607, 1072, 1431, 1275, 1072, 955, 955, 955, 1072, 1431, 1275, 1072, 1275, 1607, 1607, 1431, 1431, 1431,\
 1275, 1431, 1607, 1275, 1607, 1275, 1072, 955, 955, 955, 955, 1072, 1431, 1275, 1072, 1275, 1431, 1275, 1911,\
 1607, 1431, 1431, 1431, 1431, 1431, 1607, 1911, 2145, 1275, 1275, 1431, 1275, 1431, 1607, 1911, 1275, 1275, 1607,\
 1431, 1275, 536, 1275, 1275, 1431, 1275, 1203, 1072, 1275, 1072, 955, 851, 401, 1072, 1275, 1607, 803, 1607,\
 803, 637, 803, 637, 601, 536, 601, 637, 477, 477, 601, 477, 477, 601, 477, 601, 536, 715, 536,\
 715, 536, 715, 536, 715, 536, 715, 536, 715, 536, 715, 536, 715, 1275, 1275, 1431, 1275, 1431, 1607,\
 1911, 1275, 1275, 1607, 1431, 1275, 536, 803, 1072, 803, 1072, 803, 1072, 955, 1203, 955, 1203, 955, 1203,\
 1072, 1203, 1072, 1203, 1072, 955, 851, 401, 1072, 1072, 1275, 1203, 1072, 1203, 1275, 1607, 1072, 1072, 1275,\
 1203, 1072, 803, 401, 401, 536, 401, 536, 401, 536, 401, 536, 401, 536, 401, 536, 401, 536, 401,\
 536, 601, 536, 601, 637, 715, 318, 1275, 1275, 1275, 1431, 1607, 1431, 1275, 1911, 1607, 1431, 1275, 1431,\
 1607, 1911, 1607, 1431, 1431, 1431, 1607, 1431, 1275, 1431, 1911, 1607, 1431, 1275, 1431, 1607, 1911, 1275, 1275,\
 1275, 1431, 1607, 1431, 1431, 1607, 1275, 1911, 1607, 1431, 1275, 1431, 1607, 1911, 1607, 1431, 1431, 1431, 1607,\
 1431, 1275, 1431, 1607, 1431, 1275, 1431, 1607, 1911, 1431, 1275, 1203, 1203, 1275, 1431, 1203, 1203, 1275, 1431,\
 1275, 1275, 1431, 1607, 1431, 1607, 1911, 1275, 1203, 1203, 1275, 1431, 1203, 1203, 1275, 1431, 1072, 2145, 1607,\
 1431, 1275, 1431, 1607, 1072, 1072, 1072, 1072, 1203, 1275, 1607, 1607, 1431, 1275, 1275, 1203, 1275, 1431, 1431,\
 1275, 1431, 1275, 1431, 1607, 1607, 1275, 1275, 1431, 1607, 1607, 1607, 1431, 1275, 1275, 1431, 1607, 1072, 1275,\
 1203, 1203, 1203, 1203, 1203, 1203, 1203, 1203, 1072, 955, 1072, 1072, 1607, 1275, 1072, 955, 955, 955, 1072,\
 1431, 1275, 1072, 1275, 1607, 1607, 1431, 1431, 1431, 1275, 1431, 1607, 1275, 1607, 1275, 1072, 955, 955, 955,\
 955, 1072, 1431, 1275, 1072, 1275, 1431, 1275, 1911, 1607, 1431, 1431, 1431, 1431, 1607, 1911, 2145, 1275, 1275,\
 1431, 1275, 1431, 1607, 1911, 1275, 1275, 1607, 1431, 1275, 536, 803, 803, 851, 803, 715, 637, 803, 637,\
 715, 803, 715, 536, 1275, 1607, 803, 1607, 803, 637, 803, 637, 601, 536, 601, 637, 803, 803, 1072,\
 803, 803, 1072, 1203, 1275, 1072, 1275, 803, 1431, 1431, 1275, 1431, 1275, 1431, 1607, 1911, 1431, 1275, 1431,\
 1275, 1203, 536, 803, 1072, 803, 1072, 803, 1072, 955, 1203, 955, 1203, 955, 1203, 1072, 1275, 1072, 1275,\
 1072, 955, 851, 401, 637, 637, 637, 715, 637, 715, 803, 955, 637, 637, 715, 637, 715, 637, 477,\
 536, 637, 536, 637, 536, 637, 536, 637, 536, 637, 536, 637, 536, 637, 536, 637, 601, 536, 601,\
 637, 715, 637, 803, 851, 955, 637, 715, 803, 803, 851, 803, 851, 955, 803, 851, 955, 637, 715,\
 803, 803, 851, 803, 851, 955, 955, 955, 955, 955, 955, 955, 1275, 1607, 1911, 955, 1275, 1607, 1911,\
 955, 803, 955, 637, 715, 803, 715, 803, 851, 955, 803, 955, 637, 715, 803, 715, 803, 851, 955,\
 803, 955, 637, 715, 803, 715, 803, 851, 955, 803, 955, 637, 715, 803, 715, 803, 851, 1275, 1275,\
 1203, 1275, 1431, 1607, 1431, 1431, 1275, 1431, 1607, 1911, 2145, 1911, 1072, 803, 715, 1072, 955, 1072, 1431,\
 1072, 1072, 955, 803, 401, 955, 955, 1072, 955, 803, 1072, 1275, 1275, 1607, 1431, 1275, 1431, 1275, 1911,\
 1275, 1431, 1275, 1072, 1275, 1431, 1275, 1431, 1275, 1072, 1275, 1431, 803, 1072, 803, 715, 637, 715, 803,\
 955, 1072, 955, 803, 955, 637, 715, 803, 715, 803, 851, 955, 803, 955, 637, 715, 803, 715, 803,\
 851, 955, 803, 955, 637, 715, 803, 715, 803, 851, 955, 803, 955, 637, 715, 803, 715, 803, 851,\
 1911, 1911, 803, 1911, 1702, 2145, 2551, 851, 2551, 2407, 2145, 851, 2407, 2145, 1911, 1702, 1607, 1702, 1911,\
 1702, 1911, 2145, 1702, 1607, 1203, 1275, 1431, 1275, 1911, 2145, 1911, 1702, 1607, 1431, 1275, 1203, 1275, 1431,\
 1275, 1203, 536, 1275, 536, 1275, 1431, 637, 1431, 1607, 1607, 715, 715, 803, 851, 803, 715, 955, 637,\
 955, 955, 1275, 851, 1275, 1203, 1431, 1607, 1911, 1607, 2145, 1911, 2145, 2551, 2145, 1911, 2145, 1911, 1607,\
 1911, 1607, 1431, 1607, 1431, 1275, 955, 803, 955, 803, 637, 637, 637, 637, 715, 803, 955, 803, 715,\
 637, 637, 637, 637, 715, 803, 536, 637, 637, 637, 637, 637, 715, 803, 955, 803, 715, 715, 637,\
 715, 803, 955, 803, 715, 637, 536, 637, 715, 637, 318, 637, 637, 637, 637, 715, 803, 955, 803,\
 715, 637, 637, 637, 637, 715, 803, 536, 637, 637, 637, 637, 637, 715, 803, 955, 803, 715, 637,\
 715, 803, 955, 803, 715, 637, 715, 955, 803, 715, 637, 637, 715, 803, 955, 803, 715, 803, 955,\
 637, 715, 803, 955, 1607, 1702, 1911, 1702, 1911, 2407, 2551, 2407, 1911, 1702, 1607, 1431, 1275, 1431, 1275,\
 1203, 1275, 1203, 955, 1072, 955, 851, 803, 851, 803, 715, 803, 715, 715, 803, 851, 955, 1203, 955,\
 851, 803, 715, 803, 715, 637, 715, 637, 601, 715, 601, 637, 536, 637, 715, 803, 851, 803, 477,\
 477, 536, 477, 601, 477, 637, 715, 803, 851, 955, 851, 715, 637, 601, 536, 536, 601, 536, 637,\
 536, 715, 803, 851, 955, 851, 803, 715, 601, 955, 803, 715, 803, 715, 637, 715, 803, 715, 803,\
 851, 803, 851, 955, 1072, 1275, 1203, 1072, 1203, 1275, 1431, 1607, 1702, 1911, 1702, 1607, 1431, 1275, 1203,\
 1072, 955, 851, 477, 536, 401, 536, 477, 536, 477, 536, 637, 715, 955, 1072, 637, 425, 425, 536,\
 401, 425, 477, 536, 357, 357, 715, 637, 715, 955, 803, 637, 477, 401, 637, 477, 401, 477, 637,\
 477, 401, 477, 318, 401, 955, 803, 637, 477, 401, 477, 401, 477, 955, 401, 477, 477, 637, 477,\
 637, 477, 637, 715, 637, 477, 637, 477, 637, 477, 637, 715, 637, 477, 637, 477, 637, 477, 637,\
 715, 637, 477, 2551, 2407, 2145, 1911, 1702, 1607, 1431, 1275, 1203, 1072, 955, 851, 803, 715, 637, 536,\
 536, 477, 536, 637, 803, 477, 637, 803, 477, 637, 803, 477, 637, 803, 477, 637, 803, 477, 637,\
 803, 477, 637, 803, 477, 637, 803, 477, 637, 803, 477, 477, 536, 637, 536, 637, 715, 637, 477,\
 803, 477, 536, 803, 536, 477, 803, 477, 601, 803, 601, 477, 803, 477, 536, 803, 536, 477, 803,\
 477, 601, 803, 601, 477, 601, 803, 955, 1203, 955, 803, 601, 536, 601, 536, 477, 401, 601, 715,\
 536, 715, 536, 715, 425, 715, 425, 715, 425, 1702, 1607, 1431, 1275, 1203, 1072, 955, 851, 601, 637,\
 637, 715, 803, 715, 803, 955, 1072, 1431, 1275, 1072, 1275, 1275, 1431, 1607, 1431, 1275, 1072, 955, 803,\
 715, 1072, 401, 637, 601, 536, 601, 477, 536, 536, 601, 637, 601, 637, 803, 1072, 1275, 1072, 715,\
 803, 715, 803, 715, 803, 1072, 803, 536, 803, 955, 637, 955, 1072, 1203, 1072, 803, 715, 637, 715,\
 803, 715, 536, 268, 357, 401, 477, 715, 637, 477, 601, 637, 803, 637, 601, 477, 601, 477, 601,\
 637, 803, 637, 601, 477, 601, 477, 601, 637, 803, 851, 955, 1072, 1203, 1431, 1607, 1431, 1203, 1275,\
 1431, 1607, 1275, 1072, 803, 536, 601, 637, 715, 803, 851, 955, 1072, 1203, 1275, 1431, 1607, 1431, 1275,\
 1203, 1072, 955, 851, 803, 851, 955, 1072, 1203, 1072, 955, 851, 803, 803, 955, 955, 803, 715, 637,\
 803, 851, 955, 1072, 1275, 1607, 1431, 1275, 1431, 1607, 1431, 1431, 1607, 1275, 803, 637, 637, 803, 637,\
 637, 803, 637, 803, 637, 601, 637, 803, 401, 1911, 1702, 1607, 1431, 1275, 1607, 1431, 1275, 1203, 1431,\
 1275, 1203, 1072, 1275, 1203, 1072, 803, 955, 715, 955, 637, 715, 803, 955, 715, 851, 637, 851, 536,\
 637, 803, 955, 803, 955, 715, 955, 637, 955, 715, 955, 601, 803, 955, 601, 803, 955, 601, 803,\
 955, 601, 803, 955, 601, 803, 955, 601, 803, 955, 601, 803, 955, 601, 803, 955, 955, 1072, 955,\
 803, 715, 637, 715, 803, 715, 803, 955, 1072, 1275, 1431, 1275, 1072, 955, 1072, 1275, 1072, 1275, 1431,\
 1275, 1431, 1607, 401, 803, 851, 803, 851, 1072, 1072, 425, 1275, 1431, 1607, 803, 1911, 1702, 1607, 1431,\
 1275, 1203, 1072, 955, 955, 1275, 955, 1275, 955, 1275, 955, 1275, 477, 1911, 1607, 1431, 1275, 1275, 1275,\
 1275, 1431, 1607, 1911, 1911, 1702, 1607, 1431, 1431, 1431, 1431, 1607, 1431, 1275, 1911, 1607, 1431, 1275, 1275,\
 1275, 1275, 1431, 1607, 1607, 1431, 1607, 1911, 1607, 1431, 1431, 1431, 1431, 1275, 1203, 1275, 1607, 1275, 1072,\
 955, 955, 955, 1072, 1431, 1275, 1072, 1275, 1607, 1607, 1431, 1431, 1431, 1275, 1431, 1607, 1275, 1607, 1275,\
 1072, 955, 955, 955, 955, 1072, 1431, 1275, 1072, 1275, 1431, 1275, 1911, 1607, 1431, 1431, 1431, 1431, 1431,\
 1607, 1911, 1072, 803, 955, 803, 955, 803, 955, 803, 955, 803, 955, 803, 955, 637, 955, 637, 955,\
 637, 955, 637, 955, 637, 955, 637, 955, 715, 955, 715, 955, 715, 955, 715, 955, 715, 955, 715,\
 955, 803, 955, 803, 955, 803, 955, 1072, 955, 851, 803, 851, 803, 715, 803, 715, 637, 715, 803,\
 715, 803, 955, 1072, 803, 803, 955, 803, 803, 955, 803, 955, 803, 803, 955, 803, 803, 955, 803,\
 955, 1275, 1275, 1911, 1275, 1275, 1911, 1275, 1911, 1275, 1275, 1911, 1275, 1275, 1911, 1275, 1911, 1431, 1431,\
 1911, 1431, 1431, 1911, 1431, 1911, 1431, 1431, 1911, 1431, 1431, 1911, 1431, 1911, 1607, 1275, 955, 803, 637,\
 601, 803, 955, 803, 955, 1275, 955, 1275, 1607, 1275, 1607, 1911, 1607, 1275, 955, 803, 955, 637, 803,\
 601, 637, 803, 637, 601, 637, 803, 601, 637, 536, 536, 637, 536, 536, 637, 536, 536, 637, 637,\
 536, 536, 637, 715, 803, 715, 637, 637, 715, 637, 637, 715, 637, 637, 715, 637, 637, 601, 637,\
 715, 803, 5726, 5726, 5726, 5726, 5726, 5726, 5726, 5726, 5726, 5726, 5726, 536, 637, 536, 637, 536, 637,\
 536, 637, 536, 637, 536, 637, 536, 637, 536, 637, 536, 637, 536, 637, 536, 637, 536, 637, 536,\
 637, 536, 637, 536, 637, 536, 637, 536, 637, 536, 637, 536, 637, 536, 637, 536, 637, 536, 637,\
 536, 637, 536, 637, 536, 637, 536, 637, 536, 637, 536, 637, 536, 637, 536, 637, 536, 637, 536,\
 637, 536, 637, 536, 637, 536, 637, 536, 637, 536, 637, 536, 637, 536, 637, 536, 637, 536, 637,\
 536, 637, 536, 637, 536, 637, 536, 637, 536, 637, 536, 637, 536, 637, 601, 637, 715, 803, 637,\
 715, 803, 851, 318, 1702, 803, 715, 803, 955, 1072, 1275, 1072, 955, 238};

NoteCount is 2218

 NoteNum array: { 32, 36, 38, 32, 36, 38, 32, 36, 49, 38, 43, 36, 38, 32, 36, 29, 32, 36, 38,\
 32, 36, 38, 32, 36, 49, 38, 43, 36, 38, 32, 36, 29, 32, 36, 38, 32, 36, 38,\
 32, 36, 49, 38, 43, 36, 38, 32, 36, 29, 32, 36, 38, 32, 36, 38, 32, 36, 49,\
 38, 43, 36, 38, 32, 36, 29, 32, 36, 38, 32, 36, 38, 32, 36, 49, 38, 43, 36,\
 38, 32, 36, 29, 32, 36, 38, 32, 36, 38, 32, 36, 49, 38, 43, 36, 38, 32, 36,\
 29, 32, 36, 38, 32, 36, 38, 32, 36, 49, 38, 43, 36, 38, 32, 36, 29, 32, 36,\
 38, 32, 36, 38, 32, 36, 29, 24, 19, 16, 14, 16, 19, 24, 29, 24, 19, 18, 16,\
 18, 19, 24, 77, 32, 77, 32, 38, 32, 77, 32, 77, 32, 38, 32, 98, 32, 98, 32,\
 49, 32, 98, 32, 98, 32, 49, 32, 87, 32, 87, 32, 43, 32, 87, 32, 87, 32, 43,\
 32, 77, 32, 77, 32, 38, 32, 24, 25, 29, 32, 25, 29, 32, 36, 29, 32, 36, 38,\
 32, 36, 38, 43, 38, 38, 32, 38, 38, 32, 38, 32, 38, 38, 32, 38, 38, 32, 38,\
 32, 49, 49, 32, 49, 49, 32, 49, 32, 49, 49, 32, 49, 49, 32, 49, 32, 43, 43,\
 32, 43, 43, 32, 43, 32, 43, 43, 32, 43, 43, 32, 43, 32, 38, 38, 32, 38, 38,\
 32, 38, 32, 24, 21, 24, 21, 24, 21, 24, 21, 24, 21, 24, 21, 24, 21, 24, 21,\
 49, 49, 98, 43, 38, 87, 98, 43, 38, 87, 49, 87, 77, 163, 43, 38, 87, 87, 87,\
 77, 87, 49, 131, 77, 87, 98, 43, 77, 32, 38, 65, 77, 65, 98, 38, 49, 38, 49,\
 262, 49, 49, 98, 43, 38, 87, 38, 147, 32, 38, 87, 98, 43, 77, 163, 77, 87, 43,\
 131, 77, 87, 49, 218, 87, 49, 131, 77, 196, 49, 49, 98, 43, 38, 43, 87, 38, 98,\
 32, 38, 87, 98, 43, 77, 65, 116, 77, 87, 43, 131, 77, 87, 49, 131, 77, 87, 49,\
 131, 77, 65, 87, 98, 103, 51, 147, 87, 103, 51, 147, 87, 98, 49, 131, 77, 87, 38,\
 98, 98, 103, 51, 147, 87, 103, 51, 147, 87, 466, 58, 77, 87, 147, 131, 77, 349, 116,\
 116, 58, 155, 98, 77, 38, 131, 98, 49, 155, 98, 87, 43, 147, 87, 147, 131, 77, 311,\
 98, 49, 131, 77, 77, 38, 131, 98, 49, 131, 77, 174, 245, 103, 51, 155, 103, 103, 49,\
 131, 77, 466, 87, 98, 116, 392, 130, 196, 174, 87, 98, 58, 343, 77, 77, 131, 131, 87,\
 147, 131, 77, 490, 77, 98, 116, 392, 65, 65, 196, 174, 87, 98, 58, 147, 87, 196, 65,\
 77, 87, 43, 131, 87, 87, 77, 65, 58, 49, 98, 43, 49, 43, 38, 32, 49, 98, 38,\
 43, 49, 233, 49, 98, 43, 49, 51, 58, 49, 58, 65, 73, 779, 58, 49, 38, 155, 38,\
 77, 196, 77, 98, 103, 233, 103, 98, 131, 131, 103, 131, 131, 103, 131, 103, 58, 43, 58,\
 43, 58, 43, 58, 43, 58, 43, 58, 43, 58, 43, 58, 43, 49, 98, 43, 49, 43, 38,\
 32, 49, 98, 38, 43, 49, 233, 38, 29, 38, 29, 38, 29, 32, 25, 32, 25, 32, 25,\
 29, 25, 29, 25, 58, 65, 73, 779, 58, 116, 24, 25, 58, 51, 49, 38, 58, 116, 24,\
 25, 58, 77, 311, 77, 58, 77, 58, 77, 58, 77, 58, 77, 58, 77, 58, 77, 58, 77,\
 58, 207, 233, 155, 147, 87, 786, 49, 49, 98, 43, 38, 87, 98, 32, 38, 87, 98, 87,\
 38, 163, 77, 87, 87, 87, 77, 87, 49, 131, 32, 38, 87, 98, 43, 77, 65, 49, 49,\
 98, 43, 38, 43, 87, 38, 98, 32, 38, 87, 49, 87, 77, 98, 77, 87, 43, 131, 77,\
 87, 49, 131, 77, 87, 49, 131, 77, 130, 87, 98, 103, 51, 147, 87, 103, 51, 147, 87,\
 98, 49, 131, 77, 87, 38, 98, 98, 103, 51, 147, 87, 103, 51, 147, 87, 466, 58, 77,\
 87, 147, 131, 77, 349, 116, 116, 58, 155, 98, 77, 38, 131, 98, 49, 155, 98, 87, 43,\
 147, 87, 147, 131, 77, 311, 98, 49, 131, 77, 77, 38, 131, 98, 49, 131, 77, 174, 245,\
 51, 103, 51, 103, 103, 51, 51, 103, 116, 65, 174, 349, 77, 98, 116, 392, 130, 196, 174,\
 87, 98, 58, 343, 77, 77, 131, 131, 87, 147, 131, 77, 490, 77, 98, 116, 392, 65, 65,\
 196, 174, 87, 98, 58, 147, 87, 196, 65, 77, 131, 131, 87, 87, 77, 65, 58, 49, 98,\
 43, 49, 43, 38, 32, 49, 98, 38, 43, 49, 233, 77, 155, 73, 77, 87, 98, 77, 98,\
 87, 77, 437, 116, 49, 38, 155, 38, 77, 196, 77, 98, 103, 233, 103, 98, 77, 77, 58,\
 77, 77, 58, 51, 49, 58, 49, 77, 218, 43, 49, 43, 49, 43, 38, 32, 43, 49, 43,\
 49, 51, 233, 38, 29, 38, 29, 38, 29, 32, 25, 32, 25, 32, 25, 29, 24, 29, 24,\
 58, 65, 73, 779, 98, 196, 49, 43, 98, 87, 77, 65, 98, 196, 43, 49, 87, 98, 262,\
 58, 49, 58, 49, 58, 49, 58, 49, 58, 49, 58, 49, 58, 49, 58, 49, 207, 233, 155,\
 147, 87, 1569, 311, 293, 261, 392, 349, 311, 311, 220, 233, 146, 916, 311, 293, 261, 392, 349,\
 311, 311, 220, 233, 146, 523, 196, 196, 130, 130, 130, 32, 24, 19, 16, 32, 24, 19, 16,\
 261, 38, 229, 147, 131, 77, 131, 116, 73, 261, 38, 229, 147, 131, 77, 131, 116, 73, 261,\
 38, 229, 147, 131, 77, 131, 116, 73, 261, 38, 229, 147, 131, 77, 131, 116, 73, 49, 98,\
 51, 49, 43, 77, 43, 87, 49, 21, 19, 16, 14, 65, 116, 155, 174, 116, 65, 58, 43,\
 58, 116, 32, 38, 155, 65, 130, 29, 32, 116, 87, 98, 98, 38, 21, 24, 21, 24, 65,\
 73, 21, 24, 29, 24, 21, 73, 21, 24, 29, 24, 21, 38, 29, 38, 43, 49, 43, 38,\
 32, 233, 261, 38, 229, 147, 131, 77, 131, 116, 73, 261, 38, 229, 147, 131, 77, 131, 116,\
 73, 261, 38, 229, 147, 131, 77, 131, 116, 73, 261, 38, 229, 147, 131, 77, 131, 116, 73,\
 32, 32, 77, 32, 36, 29, 24, 73, 36, 38, 29, 293, 12, 14, 16, 18, 19, 18, 16,\
 18, 16, 14, 18, 19, 25, 24, 21, 24, 16, 14, 16, 18, 19, 21, 24, 25, 24, 21,\
 24, 25, 233, 73, 174, 49, 65, 147, 43, 38, 38, 174, 43, 38, 36, 194, 43, 32, 49,\
 32, 32, 24, 36, 24, 25, 21, 19, 16, 19, 14, 16, 14, 12, 14, 16, 14, 16, 19,\
 16, 19, 21, 19, 21, 24, 32, 38, 32, 38, 98, 49, 49, 98, 87, 77, 65, 77, 87,\
 98, 49, 49, 98, 87, 77, 116, 196, 98, 49, 49, 98, 87, 77, 65, 77, 87, 43, 49,\
 43, 38, 32, 38, 43, 49, 58, 49, 43, 49, 393, 98, 49, 49, 98, 87, 77, 65, 77,\
 87, 98, 49, 49, 98, 87, 77, 116, 196, 98, 49, 49, 98, 87, 77, 65, 77, 87, 49,\
 43, 38, 32, 38, 43, 49, 43, 65, 77, 87, 98, 49, 43, 38, 32, 38, 43, 38, 32,\
 98, 87, 77, 65, 19, 18, 16, 18, 16, 12, 12, 12, 16, 18, 19, 21, 24, 21, 24,\
 25, 24, 25, 32, 29, 65, 36, 38, 36, 38, 43, 38, 174, 43, 38, 36, 32, 25, 32,\
 36, 38, 43, 38, 43, 49, 43, 49, 51, 43, 51, 49, 58, 49, 43, 38, 36, 38, 524,\
 65, 58, 65, 51, 65, 49, 43, 38, 36, 32, 36, 43, 49, 51, 116, 58, 51, 58, 49,\
 58, 43, 38, 36, 32, 36, 38, 43, 207, 32, 38, 43, 38, 43, 49, 43, 38, 43, 38,\
 36, 38, 36, 32, 29, 24, 25, 29, 25, 24, 21, 19, 18, 16, 18, 19, 21, 24, 25,\
 29, 32, 36, 262, 116, 311, 116, 131, 116, 131, 116, 98, 87, 65, 58, 196, 147, 147, 116,\
 155, 147, 131, 233, 175, 175, 87, 98, 349, 32, 38, 49, 65, 77, 49, 131, 77, 65, 49,\
 65, 77, 65, 98, 77, 32, 38, 49, 131, 77, 65, 77, 65, 65, 77, 262, 65, 49, 65,\
 49, 65, 49, 43, 49, 65, 49, 65, 49, 65, 49, 43, 49, 65, 49, 65, 49, 65, 49,\
 43, 49, 524, 24, 12, 14, 16, 18, 19, 21, 24, 25, 29, 32, 36, 38, 43, 49, 116,\
 233, 131, 116, 98, 155, 42, 32, 26, 42, 32, 26, 42, 32, 26, 42, 32, 26, 42, 32,\
 26, 42, 32, 26, 42, 32, 26, 42, 32, 26, 131, 131, 116, 98, 116, 98, 87, 98, 42,\
 26, 44, 38, 26, 39, 42, 26, 44, 34, 26, 34, 42, 26, 44, 38, 26, 39, 42, 26,\
 44, 34, 26, 34, 65, 51, 38, 32, 25, 32, 38, 51, 58, 51, 58, 65, 155, 103, 43,\
 58, 43, 58, 43, 73, 43, 73, 43, 514, 18, 19, 21, 24, 25, 29, 32, 36, 415, 392,\
 294, 43, 38, 87, 77, 65, 233, 21, 24, 58, 49, 49, 43, 38, 43, 49, 58, 65, 77,\
 87, 58, 623, 196, 207, 116, 103, 131, 233, 233, 207, 98, 103, 98, 77, 58, 49, 58, 87,\
 233, 87, 77, 131, 38, 116, 77, 116, 77, 130, 98, 65, 58, 51, 58, 77, 87, 49, 43,\
 38, 43, 233, 466, 350, 311, 262, 262, 490, 65, 51, 49, 38, 49, 51, 65, 51, 65, 51,\
 49, 38, 49, 51, 65, 51, 65, 51, 49, 38, 36, 32, 29, 25, 21, 19, 21, 25, 49,\
 43, 38, 24, 29, 38, 58, 51, 49, 43, 38, 36, 32, 29, 25, 24, 21, 19, 21, 24,\
 25, 29, 32, 36, 38, 36, 32, 29, 25, 29, 32, 36, 272, 155, 130, 65, 77, 174, 196,\
 155, 73, 32, 29, 24, 19, 21, 24, 21, 19, 174, 43, 38, 49, 389, 98, 98, 77, 98,\
 98, 77, 98, 77, 98, 103, 98, 77, 311, 16, 18, 19, 21, 24, 19, 21, 24, 25, 21,\
 24, 25, 29, 24, 25, 29, 38, 32, 43, 32, 49, 43, 38, 32, 43, 36, 49, 36, 58,\
 49, 38, 32, 77, 65, 87, 65, 98, 65, 87, 65, 34, 26, 21, 34, 26, 21, 34, 26,\
 21, 34, 26, 21, 34, 26, 21, 34, 26, 21, 34, 26, 21, 34, 26, 21, 32, 29, 32,\
 38, 43, 49, 43, 38, 43, 38, 32, 29, 24, 21, 24, 29, 65, 29, 24, 58, 49, 21,\
 24, 21, 19, 311, 77, 73, 77, 73, 116, 58, 441, 49, 43, 38, 155, 16, 18, 19, 21,\
 24, 25, 29, 32, 32, 24, 32, 24, 32, 24, 32, 24, 262, 65, 77, 87, 147, 147, 98,\
 147, 131, 77, 261, 65, 73, 77, 131, 131, 87, 131, 116, 87, 392, 65, 77, 87, 147, 147,\
 98, 147, 131, 77, 116, 131, 77, 130, 77, 131, 131, 87, 131, 147, 103, 98, 77, 98, 116,\
 392, 130, 196, 174, 87, 98, 58, 343, 77, 77, 131, 131, 87, 147, 131, 77, 490, 77, 98,\
 116, 392, 65, 65, 196, 174, 87, 98, 58, 147, 87, 196, 65, 77, 87, 43, 131, 87, 87,\
 77, 65, 116, 155, 65, 155, 65, 77, 65, 155, 65, 155, 65, 77, 65, 196, 65, 196, 65,\
 98, 65, 196, 65, 196, 65, 98, 65, 174, 65, 174, 65, 87, 65, 174, 65, 174, 65, 87,\
 65, 155, 65, 155, 65, 77, 65, 29, 32, 36, 38, 36, 38, 43, 38, 43, 49, 43, 38,\
 43, 38, 32, 29, 77, 77, 65, 77, 77, 65, 77, 65, 77, 77, 65, 77, 77, 65, 77,\
 65, 49, 49, 32, 49, 49, 32, 49, 32, 49, 49, 32, 49, 49, 32, 49, 32, 43, 43,\
 32, 43, 43, 32, 43, 32, 43, 43, 32, 43, 43, 32, 43, 32, 19, 24, 32, 38, 49,\
 51, 38, 32, 38, 32, 24, 32, 24, 19, 24, 19, 16, 19, 24, 32, 38, 32, 49, 38,\
 51, 49, 38, 49, 51, 49, 38, 51, 98, 116, 116, 98, 116, 116, 98, 116, 116, 98, 98,\
 116, 116, 98, 87, 77, 87, 98, 98, 87, 98, 98, 87, 98, 98, 87, 98, 98, 103, 98,\
 87, 77, 10, 10, 10, 10, 10, 10, 10, 10, 10, 10, 10, 58, 49, 58, 49, 58, 49,\
 58, 49, 58, 49, 58, 49, 58, 49, 58, 49, 58, 49, 58, 49, 58, 49, 58, 49, 58,\
 49, 58, 49, 58, 49, 58, 49, 58, 49, 58, 49, 58, 49, 58, 49, 58, 49, 58, 49,\
 58, 49, 58, 49, 58, 49, 58, 49, 58, 49, 58, 49, 58, 49, 58, 49, 58, 49, 58,\
 49, 58, 49, 58, 49, 58, 49, 58, 49, 58, 49, 58, 49, 58, 49, 58, 49, 58, 49,\
 58, 49, 58, 49, 58, 49, 58, 49, 58, 49, 58, 49, 58, 49, 103, 98, 87, 77, 98,\
 87, 77, 73, 786, 146, 38, 43, 77, 65, 58, 65, 77, 87, 1050};

NoteCount is 2218

 TimeDelay array: { 0, 0, 0, 0, 0, 0, 0, 0, 0, 0, 0, 0, 0, 0, 0, 0, 0, 0, 0,\
 0, 0, 0, 0, 0, 0, 0, 0, 0, 0, 0, 0, 0, 0, 0, 0, 0, 0, 0,\
 0, 0, 0, 0, 0, 0, 0, 0, 0, 0, 0, 0, 0, 0, 0, 0, 0, 0, 0,\
 0, 0, 0, 0, 0, 0, 0, 0, 0, 0, 0, 0, 0, 0, 0, 0, 0, 0, 0,\
 0, 0, 0, 0, 0, 0, 0, 0, 0, 0, 0, 0, 0, 0, 0, 0, 0, 0, 0,\
 0, 0, 0, 0, 0, 0, 0, 0, 0, 0, 0, 0, 0, 0, 0, 0, 0, 0, 0,\
 0, 0, 0, 0, 0, 0, 0, 0, 0, 0, 0, 0, 0, 0, 0, 0, 0, 0, 0,\
 0, 0, 0, 0, 0, 0, 0, 0, 0, 0, 0, 0, 0, 0, 0, 0, 0, 0, 0,\
 0, 0, 0, 0, 0, 0, 0, 0, 0, 0, 0, 0, 0, 0, 0, 0, 0, 0, 0,\
 0, 0, 0, 0, 0, 0, 0, 0, 0, 0, 0, 0, 0, 0, 0, 0, 0, 0, 0,\
 0, 0, 0, 0, 0, 0, 0, 0, 0, 0, 0, 0, 0, 0, 0, 0, 0, 0, 0,\
 0, 0, 0, 0, 0, 0, 0, 0, 0, 0, 0, 0, 0, 0, 0, 0, 0, 0, 0,\
 0, 0, 0, 0, 0, 0, 0, 0, 0, 0, 0, 0, 0, 0, 0, 0, 0, 0, 0,\
 0, 0, 0, 0, 0, 0, 0, 0, 0, 0, 0, 0, 0, 0, 0, 0, 0, 0, 0,\
 2500, 0, 0, 0, 0, 0, 0, 2500, 0, 0, 0, 0, 0, 0, 2500, 0, 0, 0, 0,\
 0, 0, 0, 0, 0, 0, 0, 0, 0, 0, 1250, 0, 0, 0, 0, 0, 0, 0, 0,\
 0, 2500, 0, 0, 0, 0, 0, 0, 0, 0, 0, 0, 0, 0, 0, 0, 2500, 0, 0,\
 0, 0, 0, 0, 0, 0, 0, 0, 0, 0, 5000, 0, 0, 0, 0, 0, 0, 0, 0,\
 0, 0, 0, 0, 0, 0, 0, 0, 2500, 0, 0, 0, 0, 0, 0, 0, 0, 0, 0,\
 0, 0, 0, 2500, 0, 0, 0, 0, 0, 0, 0, 0, 0, 0, 0, 0, 0, 0, 0,\
 0, 0, 0, 0, 0, 0, 0, 0, 0, 0, 0, 2500, 0, 0, 0, 0, 0, 0, 0,\
 0, 0, 0, 0, 0, 0, 0, 2500, 0, 0, 0, 0, 0, 0, 0, 0, 0, 0, 0,\
 0, 0, 0, 0, 0, 0, 0, 2500, 0, 0, 0, 0, 0, 0, 0, 0, 0, 0, 0,\
 0, 0, 0, 2500, 0, 0, 0, 0, 0, 0, 0, 0, 0, 0, 2500, 0, 0, 0, 0,\
 0, 0, 0, 0, 0, 0, 0, 0, 0, 0, 0, 0, 0, 0, 0, 0, 0, 0, 0,\
 0, 0, 0, 0, 0, 0, 0, 0, 0, 0, 0, 0, 0, 0, 0, 0, 0, 0, 0,\
 0, 0, 0, 0, 0, 0, 0, 0, 0, 0, 0, 0, 0, 0, 0, 0, 0, 0, 0,\
 0, 0, 0, 0, 0, 0, 0, 0, 0, 0, 0, 0, 0, 0, 0, 0, 0, 0, 0,\
 0, 0, 0, 0, 0, 0, 0, 0, 0, 0, 0, 0, 0, 0, 0, 0, 0, 0, 0,\
 0, 0, 0, 0, 0, 0, 0, 0, 0, 0, 0, 0, 0, 0, 0, 0, 0, 0, 0,\
 0, 0, 0, 0, 0, 0, 0, 0, 0, 0, 0, 0, 0, 0, 0, 0, 0, 0, 0,\
 0, 0, 0, 0, 0, 0, 0, 0, 0, 0, 0, 0, 0, 0, 0, 0, 0, 0, 0,\
 0, 0, 0, 0, 0, 0, 0, 17500, 0, 0, 0, 0, 0, 0, 2500, 0, 0, 0, 0,\
 0, 0, 2500, 0, 0, 0, 0, 0, 0, 0, 0, 0, 0, 0, 0, 0, 0, 11250, 0,\
 0, 0, 0, 0, 0, 0, 0, 0, 0, 0, 0, 0, 0, 0, 5000, 0, 0, 0, 0,\
 0, 0, 0, 0, 0, 0, 0, 0, 0, 0, 0, 0, 0, 0, 0, 0, 0, 0, 0,\
 0, 0, 0, 0, 0, 0, 0, 0, 0, 0, 0, 0, 0, 0, 0, 0, 0, 2500, 0,\
 0, 0, 0, 0, 0, 0, 0, 0, 0, 0, 0, 0, 0, 2500, 0, 0, 0, 0, 0,\
 0, 0, 0, 0, 0, 0, 0, 0, 0, 0, 0, 0, 0, 2500, 0, 0, 0, 0, 0,\
 0, 0, 0, 0, 0, 0, 0, 0, 0, 0, 0, 0, 2500, 0, 0, 0, 0, 0, 0,\
 0, 0, 0, 0, 2500, 0, 0, 0, 0, 0, 0, 0, 0, 0, 0, 0, 0, 0, 0,\
 0, 0, 0, 0, 0, 0, 0, 0, 0, 0, 0, 0, 0, 0, 0, 0, 0, 0, 0,\
 0, 0, 0, 0, 0, 0, 0, 0, 0, 0, 0, 0, 0, 0, 0, 0, 0, 0, 0,\
 0, 0, 0, 0, 0, 0, 0, 0, 0, 0, 0, 0, 0, 0, 0, 0, 0, 0, 0,\
 0, 0, 0, 0, 0, 0, 0, 0, 0, 1250, 0, 0, 0, 0, 0, 0, 1250, 0, 0,\
 0, 0, 0, 0, 0, 0, 0, 0, 0, 0, 0, 0, 0, 0, 0, 0, 0, 0, 0,\
 0, 0, 0, 0, 0, 0, 0, 0, 0, 0, 0, 0, 0, 0, 0, 0, 0, 0, 0,\
 0, 0, 0, 0, 0, 0, 0, 0, 0, 0, 0, 0, 0, 0, 0, 0, 0, 0, 0,\
 0, 0, 0, 5000, 0, 0, 5000, 0, 0, 5000, 0, 0, 0, 0, 7500, 0, 0, 5000, 0,\
 0, 5000, 0, 0, 0, 0, 0, 0, 0, 0, 0, 0, 0, 0, 0, 0, 0, 0, 0,\
 0, 0, 0, 0, 0, 0, 0, 0, 0, 0, 0, 0, 0, 0, 0, 0, 0, 0, 0,\
 0, 0, 0, 0, 0, 0, 0, 0, 0, 0, 0, 0, 0, 0, 0, 0, 0, 0, 0,\
 0, 0, 0, 0, 0, 0, 0, 0, 0, 0, 0, 0, 0, 0, 0, 0, 0, 0, 0,\
 0, 0, 0, 0, 0, 0, 0, 0, 0, 0, 0, 0, 0, 0, 0, 0, 0, 0, 0,\
 0, 0, 0, 0, 0, 0, 0, 0, 0, 0, 0, 0, 0, 0, 0, 0, 0, 0, 0,\
 0, 0, 0, 0, 0, 0, 0, 0, 0, 0, 0, 0, 0, 0, 0, 0, 0, 0, 0,\
 0, 0, 0, 0, 0, 0, 0, 0, 0, 0, 0, 0, 0, 0, 0, 0, 0, 0, 0,\
 0, 0, 0, 0, 0, 0, 0, 0, 0, 0, 0, 0, 0, 0, 0, 0, 0, 0, 0,\
 0, 0, 0, 0, 0, 0, 0, 0, 0, 0, 0, 0, 0, 0, 0, 0, 0, 0, 0,\
 0, 0, 0, 0, 0, 0, 0, 0, 0, 0, 0, 0, 0, 0, 0, 0, 0, 0, 0,\
 0, 0, 0, 0, 0, 0, 0, 0, 0, 0, 0, 0, 0, 0, 0, 0, 0, 0, 0,\
 0, 0, 0, 0, 0, 0, 0, 0, 0, 0, 0, 0, 0, 0, 0, 0, 0, 0, 0,\
 0, 0, 0, 0, 0, 0, 0, 0, 0, 0, 0, 0, 0, 0, 0, 0, 0, 0, 0,\
 0, 0, 0, 0, 0, 0, 0, 0, 0, 0, 0, 0, 0, 0, 0, 0, 0, 0, 0,\
 0, 0, 0, 0, 0, 0, 0, 0, 0, 0, 0, 0, 0, 0, 0, 0, 0, 0, 0,\
 0, 0, 0, 0, 0, 0, 0, 0, 0, 0, 0, 0, 0, 0, 0, 0, 0, 0, 0,\
 0, 0, 0, 0, 10000, 0, 0, 0, 0, 0, 0, 0, 0, 0, 0, 0, 0, 0, 0,\
 0, 0, 0, 0, 0, 0, 0, 0, 0, 0, 0, 0, 0, 0, 0, 0, 0, 0, 0,\
 0, 0, 0, 0, 0, 0, 0, 0, 0, 0, 0, 0, 0, 0, 0, 0, 0, 0, 0,\
 0, 0, 0, 0, 0, 0, 0, 0, 0, 0, 0, 0, 0, 0, 0, 0, 0, 0, 0,\
 0, 0, 0, 0, 0, 0, 0, 0, 0, 0, 0, 0, 0, 0, 0, 0, 0, 0, 0,\
 0, 0, 0, 0, 0, 0, 0, 0, 0, 0, 0, 0, 0, 0, 0, 0, 0, 0, 0,\
 0, 0, 0, 0, 0, 0, 0, 0, 0, 0, 0, 0, 0, 0, 0, 0, 0, 0, 0,\
 0, 0, 0, 0, 0, 0, 0, 0, 0, 0, 0, 0, 0, 0, 0, 0, 0, 0, 0,\
 0, 0, 0, 0, 0, 0, 0, 0, 0, 0, 0, 0, 0, 0, 0, 0, 0, 0, 0,\
 0, 0, 0, 0, 0, 0, 0, 0, 0, 0, 0, 0, 0, 0, 0, 0, 0, 0, 0,\
 0, 0, 0, 0, 0, 0, 0, 0, 0, 0, 0, 0, 0, 0, 0, 0, 0, 0, 0,\
 0, 0, 0, 0, 0, 0, 0, 0, 0, 0, 0, 0, 0, 0, 0, 0, 0, 0, 0,\
 0, 0, 0, 0, 0, 0, 0, 0, 0, 0, 0, 0, 0, 0, 0, 0, 0, 0, 0,\
 0, 0, 0, 0, 0, 0, 0, 0, 0, 0, 0, 0, 0, 0, 0, 0, 0, 0, 0,\
 0, 0, 0, 0, 0, 0, 0, 0, 0, 0, 0, 0, 0, 0, 0, 0, 0, 0, 0,\
 0, 0, 0, 0, 0, 0, 0, 0, 0, 0, 0, 0, 0, 0, 0, 0, 0, 0, 0,\
 0, 0, 0, 0, 0, 0, 0, 0, 0, 0, 0, 0, 0, 0, 0, 0, 0, 0, 0,\
 0, 0, 0, 2500, 0, 0, 0, 0, 0, 0, 0, 0, 0, 0, 0, 0, 0, 0, 0,\
 0, 0, 0, 0, 0, 0, 0, 0, 0, 0, 0, 0, 0, 0, 0, 0, 0, 0, 0,\
 0, 0, 0, 0, 0, 0, 0, 0, 0, 0, 0, 0, 0, 0, 0, 0, 0, 0, 0,\
 0, 0, 0, 0, 0, 0, 0, 0, 0, 0, 0, 0, 0, 0, 0, 0, 0, 0, 0,\
 0, 0, 0, 0, 0, 0, 0, 0, 0, 0, 0, 0, 0, 0, 0, 0, 0, 0, 0,\
 0, 0, 0, 0, 0, 0, 0, 0, 0, 0, 0, 0, 0, 0, 0, 0, 0, 0, 0,\
 0, 0, 0, 0, 0, 0, 0, 0, 0, 0, 0, 0, 0, 0, 0, 0, 0, 0, 0,\
 0, 0, 0, 0, 0, 0, 1250, 1250, 0, 0, 0, 0, 0, 0, 0, 0, 0, 0, 0,\
 0, 0, 0, 0, 0, 0, 0, 0, 0, 0, 0, 0, 0, 0, 0, 0, 0, 0, 0,\
 0, 0, 0, 0, 0, 0, 0, 0, 0, 0, 0, 0, 0, 0, 0, 0, 0, 0, 0,\
 0, 0, 0, 0, 0, 0, 0, 0, 0, 0, 0, 0, 0, 0, 0, 0, 0, 0, 0,\
 0, 0, 0, 0, 0, 0, 0, 0, 0, 0, 0, 0, 0, 0, 0, 0, 0, 0, 0,\
 0, 0, 0, 0, 0, 0, 0, 0, 1250, 0, 0, 0, 0, 0, 0, 0, 0, 0, 0,\
 0, 0, 0, 0, 0, 0, 0, 0, 0, 0, 0, 0, 0, 0, 0, 0, 0, 0, 0,\
 0, 0, 0, 0, 2500, 0, 0, 0, 0, 0, 0, 0, 0, 0, 2500, 0, 0, 0, 0,\
 0, 0, 0, 0, 0, 0, 0, 0, 2500, 0, 0, 0, 0, 0, 0, 0, 10000, 0, 0,\
 0, 0, 0, 0, 0, 0, 0, 0, 2500, 0, 0, 0, 0, 0, 0, 0, 0, 0, 0,\
 0, 0, 0, 0, 0, 0, 0, 0, 0, 0, 0, 0, 0, 0, 0, 0, 0, 0, 0,\
 0, 0, 0, 0, 0, 0, 0, 0, 0, 0, 0, 0, 0, 0, 0, 0, 0, 0, 0,\
 0, 0, 0, 0, 0, 0, 0, 0, 0, 0, 0, 0, 0, 0, 0, 0, 0, 0, 0,\
 0, 0, 0, 0, 0, 0, 0, 0, 0, 0, 0, 0, 0, 0, 0, 0, 0, 0, 0,\
 0, 0, 0, 0, 0, 0, 0, 0, 0, 0, 0, 0, 0, 0, 0, 0, 0, 0, 0,\
 0, 0, 0, 0, 0, 0, 0, 0, 0, 0, 0, 0, 0, 0, 0, 0, 0, 0, 0,\
 0, 0, 0, 0, 0, 0, 0, 0, 0, 0, 0, 0, 0, 0, 0, 0, 0, 0, 0,\
 0, 0, 0, 0, 0, 0, 0, 0, 0, 0, 0, 0, 0, 0, 0, 0, 0, 0, 0,\
 0, 0, 0, 0, 0, 0, 0, 0, 0, 0, 0, 0, 0, 0, 0, 0, 0, 0, 0,\
 0, 0, 0, 0, 0, 0, 0, 0, 0, 0, 0, 0, 0, 0, 0, 0, 0, 0, 0,\
 0, 0, 0, 0, 0, 0, 1250, 1250, 1250, 1250, 0, 0, 0, 1250, 0, 0, 0, 0, 0,\
 0, 0, 0, 0, 0, 0, 0, 0, 0, 0, 0, 0, 0, 0, 0, 0, 0, 0, 0,\
 0, 0, 0, 0, 0, 0, 0, 0, 0, 0, 0, 0, 0, 0, 0, 0, 0, 0, 0,\
 0, 0, 0, 0, 0, 0, 0, 0, 0, 0, 0, 0, 0, 0, 0, 0, 0, 0, 0,\
 0, 0, 0, 0, 0, 0, 0, 0, 0, 0, 0, 0, 0, 0, 0, 0, 0, 0, 0,\
 0, 0, 0, 0, 0, 0, 0, 0, 0, 0, 0, 0, 0, 0, 0, 0, 0, 0, 0,\
 0, 0, 0, 0, 0, 0, 0, 0, 0, 0, 0, 0, 0, 0};

Super Mario Tune:

NoteCount is 615

 Notes array: { 758, 758, 758, 955, 758, 637, 1275, 955, 1275, 1516, 1136, 1012, 1072, 1136, 1275, 758, 637, 568, 715,\
 637, 758, 955, 851, 1012, 955, 1275, 1516, 1136, 1012, 1072, 1136, 1275, 758, 637, 568, 715, 637, 758,\
 955, 851, 1012, 637, 675, 715, 803, 758, 1203, 1136, 955, 1136, 955, 851, 637, 675, 715, 803, 758,\
 477, 477, 477, 637, 675, 715, 803, 758, 1203, 1136, 955, 1136, 955, 851, 803, 851, 955, 637, 675,\
 715, 803, 758, 1203, 1136, 955, 1136, 955, 851, 637, 675, 715, 803, 758, 477, 477, 477, 637, 675,\
 715, 803, 758, 1203, 1136, 955, 1136, 955, 851, 803, 851, 955, 955, 955, 955, 955, 851, 758, 955,\
 1136, 1275, 955, 955, 955, 955, 851, 758, 955, 955, 955, 955, 851, 758, 955, 1136, 1275, 758, 758,\
 758, 955, 758, 637, 1275, 955, 1275, 1516, 1136, 1012, 1072, 1136, 1275, 758, 637, 568, 715, 637, 758,\
 955, 851, 1012, 955, 1275, 1516, 1136, 1012, 1072, 1136, 1275, 758, 637, 568, 715, 637, 758, 955, 851,\
 1012, 758, 955, 1275, 1203, 1136, 715, 715, 1136, 1012, 568, 568, 568, 637, 715, 758, 955, 1136, 1275,\
 758, 955, 1275, 1203, 1136, 715, 715, 1136, 1012, 715, 715, 715, 758, 851, 955, 1516, 1516, 1911, 758,\
 955, 1275, 1203, 1136, 715, 715, 1136, 1012, 568, 568, 568, 637, 715, 758, 955, 1136, 1275, 758, 955,\
 1275, 1203, 1136, 715, 715, 1136, 1012, 715, 715, 715, 758, 851, 955, 1516, 1516, 1911, 955, 955, 955,\
 955, 851, 758, 955, 1136, 1275, 955, 955, 955, 955, 851, 758, 955, 955, 955, 955, 851, 758, 955,\
 1136, 1275, 758, 758, 758, 955, 758, 637, 1275, 758, 955, 1275, 1203, 1136, 715, 715, 1136, 1012, 568,\
 568, 568, 637, 715, 758, 955, 1136, 1275, 758, 955, 1275, 1203, 1136, 715, 715, 1136, 1012, 715, 715,\
 715, 758, 851, 955, 1516, 1516, 1911, 955, 1275, 1516, 1136, 1012, 1072, 1136, 1275, 758, 637, 568, 715,\
 637, 758, 955, 851, 1012, 955, 1275, 1516, 1136, 1012, 1072, 1136, 1275, 758, 637, 568, 715, 637, 758,\
 955, 851, 1012, 637, 675, 715, 803, 758, 1203, 1136, 955, 1136, 955, 851, 637, 675, 715, 803, 758,\
 477, 477, 477, 637, 675, 715, 803, 758, 1203, 1136, 955, 1136, 955, 851, 803, 851, 955, 637, 675,\
 715, 803, 758, 1203, 1136, 955, 1136, 955, 851, 637, 675, 715, 803, 758, 477, 477, 477, 637, 675,\
 715, 803, 758, 1203, 1136, 955, 1136, 955, 851, 803, 851, 955, 955, 955, 955, 955, 851, 758, 955,\
 1136, 1275, 955, 955, 955, 955, 851, 758, 955, 955, 955, 955, 851, 758, 955, 1136, 1275, 758, 758,\
 758, 955, 758, 637, 1275, 955, 1275, 1516, 1136, 1012, 1072, 1136, 1275, 758, 637, 568, 715, 637, 758,\
 955, 851, 1012, 955, 1275, 1516, 1136, 1012, 1072, 1136, 1275, 758, 637, 568, 715, 637, 758, 955, 851,\
 1012, 758, 955, 1275, 1203, 1136, 715, 715, 1136, 1012, 568, 568, 568, 637, 715, 758, 955, 1136, 1275,\
 758, 955, 1275, 1203, 1136, 715, 715, 1136, 1012, 715, 715, 715, 758, 851, 955, 1516, 1516, 1911, 758,\
 955, 1275, 1203, 1136, 715, 715, 1136, 1012, 568, 568, 568, 637, 715, 758, 955, 1136, 1275, 758, 955,\
 1275, 1203, 1136, 715, 715, 1136, 1012, 715, 715, 715, 758, 851, 955, 1516, 1516, 1911, 955, 955, 955,\
 955, 851, 758, 955, 1136, 1275, 955, 955, 955, 955, 851, 758, 955, 955, 955, 955, 851, 758, 955,\
 1136, 1275, 758, 758, 758, 955, 758, 637, 1275, 758, 955, 1275, 1203, 1136, 715, 715, 1136, 1012, 568,\
 568, 568, 637, 715, 758, 955, 1136, 1275, 758, 955, 1275, 1203, 1136, 715, 715, 1136, 1012, 715, 715,\
 715, 758, 851, 955, 1516, 1516, 1911};

NoteCount is 615

 NoteNum array: { 80, 78, 78, 62, 78, 96, 48, 64, 46, 39, 52, 58, 55, 52, 32, 52, 60, 108, 82,\
 93, 78, 62, 72, 58, 64, 46, 39, 52, 58, 55, 52, 32, 52, 60, 108, 82, 93, 78,\
 62, 72, 58, 92, 87, 86, 74, 78, 49, 52, 62, 52, 62, 69, 92, 87, 86, 74, 78,\
 125, 124, 128, 92, 87, 86, 74, 78, 49, 52, 62, 52, 62, 69, 73, 70, 64, 92, 87,\
 86, 74, 78, 49, 52, 62, 52, 62, 69, 92, 87, 86, 74, 78, 125, 124, 128, 92, 87,\
 86, 74, 78, 49, 52, 62, 52, 62, 69, 73, 70, 64, 64, 62, 62, 62, 69, 81, 62,\
 52, 48, 64, 62, 62, 62, 69, 78, 64, 62, 62, 62, 69, 81, 62, 52, 48, 81, 78,\
 78, 62, 78, 96, 48, 64, 46, 39, 52, 58, 55, 52, 32, 52, 60, 108, 82, 93, 78,\
 62, 72, 58, 64, 46, 39, 52, 58, 55, 52, 32, 52, 60, 108, 82, 93, 78, 62, 72,\
 58, 81, 62, 46, 49, 54, 83, 82, 54, 40, 70, 68, 72, 62, 54, 81, 62, 52, 48,\
 81, 62, 46, 49, 54, 83, 82, 54, 60, 83, 82, 57, 52, 45, 64, 39, 39, 32, 81,\
 62, 46, 49, 54, 83, 82, 54, 40, 70, 68, 72, 62, 54, 81, 62, 52, 48, 81, 62,\
 46, 49, 54, 83, 82, 54, 60, 83, 82, 57, 52, 45, 64, 39, 39, 32, 64, 62, 62,\
 62, 69, 81, 62, 52, 48, 64, 62, 62, 62, 69, 78, 64, 62, 62, 62, 69, 81, 62,\
 52, 48, 81, 78, 78, 62, 78, 96, 48, 81, 62, 46, 49, 54, 83, 82, 54, 40, 70,\
 68, 72, 62, 54, 81, 62, 52, 48, 81, 62, 46, 49, 54, 83, 82, 54, 60, 83, 82,\
 57, 52, 45, 64, 39, 39, 32, 64, 46, 39, 52, 58, 55, 52, 32, 52, 60, 108, 82,\
 93, 78, 62, 72, 58, 64, 46, 39, 52, 58, 55, 52, 32, 52, 60, 108, 82, 93, 78,\
 62, 72, 58, 92, 87, 86, 74, 78, 49, 52, 62, 52, 62, 69, 92, 87, 86, 74, 78,\
 125, 124, 128, 92, 87, 86, 74, 78, 49, 52, 62, 52, 62, 69, 73, 70, 64, 92, 87,\
 86, 74, 78, 49, 52, 62, 52, 62, 69, 92, 87, 86, 74, 78, 125, 124, 128, 92, 87,\
 86, 74, 78, 49, 52, 62, 52, 62, 69, 73, 70, 64, 64, 62, 62, 62, 69, 81, 62,\
 52, 48, 64, 62, 62, 62, 69, 78, 64, 62, 62, 62, 69, 81, 62, 52, 48, 81, 78,\
 78, 62, 78, 96, 48, 64, 46, 39, 52, 58, 55, 52, 32, 52, 60, 108, 82, 93, 78,\
 62, 72, 58, 64, 46, 39, 52, 58, 55, 52, 32, 52, 60, 108, 82, 93, 78, 62, 72,\
 58, 81, 62, 46, 49, 54, 83, 82, 54, 40, 70, 68, 72, 62, 54, 81, 62, 52, 48,\
 81, 62, 46, 49, 54, 83, 82, 54, 60, 83, 82, 57, 52, 45, 64, 39, 39, 32, 81,\
 62, 46, 49, 54, 83, 82, 54, 40, 70, 68, 72, 62, 54, 81, 62, 52, 48, 81, 62,\
 46, 49, 54, 83, 82, 54, 60, 83, 82, 57, 52, 45, 64, 39, 39, 32, 64, 62, 62,\
 62, 69, 81, 62, 52, 48, 64, 62, 62, 62, 69, 78, 64, 62, 62, 62, 69, 81, 62,\
 52, 48, 81, 78, 78, 62, 78, 96, 48, 81, 62, 46, 49, 54, 83, 82, 54, 40, 70,\
 68, 72, 62, 54, 81, 62, 52, 48, 81, 62, 46, 49, 54, 83, 82, 54, 60, 83, 82,\
 57, 52, 45, 64, 39, 39, 32};

NoteCount is 615

 TimeDelay array: { 11, 1, 1187, 1232, 1, 1188, 3569, 3569, 2382, 2428, 2419, 1187, 1232, 1, 1188, 800, 801, 800, 1196,\
 1, 1232, 1187, 1, 1, 2374, 2382, 2428, 2419, 1187, 1232, 1, 1188, 800, 801, 800, 1196, 1, 1232,\
 1187, 1, 1, 4801, 1, 1, 1, 1187, 1232, 1, 1, 1232, 1, 1, 2428, 1, 1, 1, 1187,\
 1232, 1187, 1, 5996, 1, 1, 1, 1187, 1232, 1, 1, 1232, 1, 1, 2428, 2419, 2374, 10796, 1,\
 1, 1, 1187, 1232, 1, 1, 1232, 1, 1, 2428, 1, 1, 1, 1187, 1232, 1187, 1, 5996, 1,\
 1, 1, 1187, 1232, 1, 1, 1232, 1, 1, 2428, 2419, 2374, 8369, 1, 1187, 1232, 1, 1188, 1,\
 1187, 1, 3569, 1, 1187, 1232, 1, 1, 9601, 1, 1187, 1232, 1, 1188, 1, 1187, 1, 3569, 1,\
 1187, 1232, 1, 1188, 3569, 3569, 2382, 2428, 2419, 1187, 1232, 1, 1188, 800, 801, 800, 1196, 1, 1232,\
 1187, 1, 1, 2374, 2382, 2428, 2419, 1187, 1232, 1, 1188, 800, 801, 800, 1196, 1, 1232, 1187, 1,\
 1, 2374, 1, 1187, 2428, 1188, 1, 1187, 1, 3569, 800, 801, 800, 800, 801, 800, 1, 1187, 1,\
 3569, 1, 1187, 2428, 1188, 1, 1187, 1, 3569, 1, 1187, 1, 800, 801, 800, 1, 1187, 1, 3569,\
 1, 1187, 2428, 1188, 1, 1187, 1, 3569, 800, 801, 800, 800, 801, 800, 1, 1187, 1, 3569, 1,\
 1187, 2428, 1188, 1, 1187, 1, 3569, 1, 1187, 1, 800, 801, 800, 1, 1187, 1, 3569, 1, 1187,\
 1232, 1, 1188, 1, 1187, 1, 3569, 1, 1187, 1232, 1, 1, 9601, 1, 1187, 1232, 1, 1188, 1,\
 1187, 1, 3569, 1, 1187, 1232, 1, 1188, 3569, 3569, 1, 1187, 2428, 1188, 1, 1187, 1, 3569, 800,\
 801, 800, 800, 801, 800, 1, 1187, 1, 3569, 1, 1187, 2428, 1188, 1, 1187, 1, 3569, 1, 1187,\
 1, 800, 801, 800, 1, 1187, 1, 3569, 2382, 2428, 2419, 1187, 1232, 1, 1188, 800, 801, 800, 1196,\
 1, 1232, 1187, 1, 1, 2374, 2382, 2428, 2419, 1187, 1232, 1, 1188, 800, 801, 800, 1196, 1, 1232,\
 1187, 1, 1, 4801, 1, 1, 1, 1187, 1232, 1, 1, 1232, 1, 1, 2428, 1, 1, 1, 1187,\
 1232, 1187, 1, 5996, 1, 1, 1, 1187, 1232, 1, 1, 1232, 1, 1, 2428, 2419, 2374, 10796, 1,\
 1, 1, 1187, 1232, 1, 1, 1232, 1, 1, 2428, 1, 1, 1, 1187, 1232, 1187, 1, 5996, 1,\
 1, 1, 1187, 1232, 1, 1, 1232, 1, 1, 2428, 2419, 2374, 8369, 1, 1187, 1232, 1, 1188, 1,\
 1187, 1, 3569, 1, 1187, 1232, 1, 1, 9601, 1, 1187, 1232, 1, 1188, 1, 1187, 1, 3569, 1,\
 1187, 1232, 1, 1188, 3569, 3569, 2382, 2428, 2419, 1187, 1232, 1, 1188, 800, 801, 800, 1196, 1, 1232,\
 1187, 1, 1, 2374, 2382, 2428, 2419, 1187, 1232, 1, 1188, 800, 801, 800, 1196, 1, 1232, 1187, 1,\
 1, 2374, 1, 1187, 2428, 1188, 1, 1187, 1, 3569, 800, 801, 800, 800, 801, 800, 1, 1187, 1,\
 3569, 1, 1187, 2428, 1188, 1, 1187, 1, 3569, 1, 1187, 1, 800, 801, 800, 1, 1187, 1, 3569,\
 1, 1187, 2428, 1188, 1, 1187, 1, 3569, 800, 801, 800, 800, 801, 800, 1, 1187, 1, 3569, 1,\
 1187, 2428, 1188, 1, 1187, 1, 3569, 1, 1187, 1, 800, 801, 800, 1, 1187, 1, 3569, 1, 1187,\
 1232, 1, 1188, 1, 1187, 1, 3569, 1, 1187, 1232, 1, 1, 9601, 1, 1187, 1232, 1, 1188, 1,\
 1187, 1, 3569, 1, 1187, 1232, 1, 1188, 3569, 3569, 1, 1187, 2428, 1188, 1, 1187, 1, 3569, 800,\
 801, 800, 800, 801, 800, 1, 1187, 1, 3569, 1, 1187, 2428, 1188, 1, 1187, 1, 3569, 1, 1187,\
 1, 800, 801, 800, 1, 1187, 1};

Aphex Twin - 4:
NoteCount is 311

 Notes array: { 1803, 1431, 1203, 1431, 1203, 1431, 1203, 1431, 1203, 1072, 1431, 1607, 1431, 1803, 1607, 2145, 2407, 2145, 1803,\
 1607, 1431, 1203, 1072, 1431, 1607, 1431, 1203, 1431, 1203, 1072, 1072, 1203, 803, 1431, 1607, 1431, 1803, 1607,\
 2145, 2407, 2145, 1803, 1607, 1431, 1203, 1072, 536, 601, 715, 803, 536, 601, 715, 803, 536, 601, 715,\
 803, 536, 601, 715, 803, 1203, 1072, 1203, 1072, 901, 1203, 1072, 1203, 1072, 901, 803, 901, 715, 803,\
 901, 1072, 1203, 1072, 1203, 1072, 1203, 1072, 901, 1203, 1072, 1203, 1072, 901, 803, 901, 715, 601, 536,\
 803, 901, 1203, 1072, 1203, 1072, 901, 1203, 1072, 1203, 1072, 901, 803, 901, 715, 803, 901, 1072, 1203,\
 1072, 1203, 1072, 1203, 1072, 901, 1203, 1072, 1203, 1072, 901, 803, 901, 715, 601, 536, 803, 901, 1431,\
 1607, 1431, 1203, 1431, 1203, 1072, 1072, 1203, 803, 1607, 1431, 1607, 1431, 1803, 1607, 2145, 2407, 2145, 1803,\
 1607, 1431, 1203, 1072, 1431, 1607, 1431, 1203, 1431, 1203, 1072, 1203, 901, 803, 1431, 1607, 1431, 1803, 1607,\
 2145, 2407, 2145, 1803, 1607, 1431, 1203, 1072, 536, 601, 715, 803, 536, 601, 715, 803, 536, 601, 715,\
 803, 536, 601, 715, 803, 1203, 1072, 1203, 1072, 901, 1203, 1072, 1203, 1072, 901, 803, 901, 715, 803,\
 901, 1072, 1203, 1072, 1203, 1072, 1203, 1072, 901, 1203, 1072, 1203, 1072, 901, 803, 901, 715, 601, 536,\
 803, 901, 1203, 1072, 1203, 1072, 901, 1203, 1072, 1203, 1072, 901, 803, 901, 715, 803, 901, 1072, 1203,\
 1072, 1203, 1072, 1203, 1072, 901, 1203, 1072, 1203, 1072, 901, 803, 901, 715, 601, 536, 803, 901, 1803,\
 1431, 1431, 1431, 1203, 1431, 1203, 1431, 1203, 1072, 1431, 1607, 1431, 1803, 1607, 2145, 2407, 2145, 1803, 1607,\
 1431, 1203, 1072, 1803, 1431, 1431, 1431, 1203, 1431, 1203, 1431, 1203, 1072, 1431, 1607, 1431, 1803, 1607, 2145,\
 2407, 2145, 1803, 1607, 1431, 1203, 1072};

NoteCount is 311

 NoteNum array: { 266, 419, 20, 16, 19, 17, 98, 41, 349, 111, 125, 112, 209, 166, 37, 27, 24, 83, 33,\
 37, 125, 99, 139, 251, 37, 335, 49, 41, 249, 111, 111, 149, 149, 125, 112, 209, 166, 37,\
 27, 24, 83, 33, 37, 125, 99, 139, 895, 798, 671, 298, 671, 599, 671, 298, 895, 798, 671,\
 298, 671, 599, 671, 298, 24, 27, 49, 55, 332, 24, 27, 49, 55, 233, 149, 133, 167, 149,\
 133, 111, 99, 83, 24, 27, 24, 55, 332, 24, 27, 49, 55, 233, 149, 133, 251, 199, 223,\
 149, 166, 24, 27, 49, 55, 332, 24, 27, 49, 55, 233, 149, 133, 167, 149, 133, 111, 99,\
 83, 24, 27, 24, 55, 332, 24, 27, 49, 55, 233, 149, 133, 251, 199, 223, 149, 166, 251,\
 37, 335, 49, 41, 249, 111, 83, 124, 0, 0, 125, 112, 209, 166, 37, 27, 24, 83, 33,\
 37, 125, 99, 139, 251, 37, 335, 49, 41, 249, 110, 95, 199, 149, 125, 112, 209, 166, 32,\
 27, 24, 83, 33, 37, 125, 99, 139, 893, 798, 671, 298, 671, 599, 671, 298, 893, 796, 671,\
 298, 671, 599, 671, 298, 24, 27, 49, 55, 332, 24, 27, 49, 55, 233, 149, 133, 167, 149,\
 133, 111, 99, 83, 24, 27, 24, 55, 332, 24, 27, 49, 55, 233, 149, 133, 251, 199, 223,\
 149, 166, 24, 27, 49, 55, 332, 24, 27, 49, 55, 233, 149, 133, 167, 149, 133, 111, 99,\
 83, 24, 27, 24, 55, 332, 24, 27, 49, 55, 233, 149, 133, 251, 199, 223, 149, 166, 266,\
 419, 0, 20, 24, 20, 99, 41, 349, 111, 125, 112, 209, 166, 37, 27, 24, 83, 33, 37,\
 125, 99, 139, 266, 419, 0, 20, 24, 20, 99, 41, 349, 111, 125, 112, 209, 166, 37, 27,\
 24, 83, 33, 37, 125, 99, 139};

NoteCount is 311

 TimeDelay array: { 0, 0, 0, 125, 100, 150, 75, 25, 0, 0, 0, 0, 0, 0, 0, 0, 0, 0, 0,\
 0, 0, 0, 0, 600, 0, 0, 1200, 0, 0, 0, 0, 0, 0, 0, 0, 0, 0, 0,\
 0, 0, 0, 0, 0, 0, 0, 0, 600, 0, 0, 2400, 2400, 2400, 2400, 2400, 2400, 0, 0,\
 2400, 2525, 2400, 2400, 2400, 3475, 0, 0, 0, 0, 0, 0, 0, 0, 0, 600, 0, 0, 0,\
 0, 0, 0, 0, 2400, 0, 0, 0, 0, 0, 0, 0, 0, 0, 600, 0, 0, 0, 0,\
 0, 0, 1800, 0, 0, 0, 0, 0, 0, 0, 0, 0, 600, 0, 0, 0, 0, 0, 0,\
 0, 2400, 0, 0, 0, 0, 0, 0, 0, 0, 0, 600, 0, 0, 0, 0, 0, 0, 163800,\
 0, 0, 1200, 0, 0, 0, 600, 600, 0, 2400, 0, 0, 0, 0, 0, 0, 0, 0, 0,\
 0, 0, 0, 0, 600, 0, 0, 1200, 0, 0, 0, 25, 100, 0, 0, 0, 0, 0, 25,\
 125, 0, 0, 0, 0, 0, 0, 0, 725, 25, 0, 2400, 2400, 2400, 2400, 2400, 2400, 25, 25,\
 2400, 2525, 2400, 2400, 2400, 3675, 0, 0, 0, 0, 0, 0, 0, 0, 0, 600, 0, 0, 0,\
 0, 0, 0, 0, 2400, 0, 0, 0, 0, 0, 0, 0, 0, 0, 600, 0, 0, 0, 0,\
 0, 0, 1825, 0, 0, 0, 0, 0, 0, 0, 0, 0, 600, 0, 0, 0, 0, 0, 0,\
 0, 2400, 0, 0, 0, 0, 0, 0, 0, 0, 0, 600, 0, 0, 0, 0, 0, 0, 163450,\
 0, 600, 0, 0, 0, 0, 0, 0, 0, 0, 0, 0, 0, 0, 0, 0, 0, 0, 0,\
 0, 0, 0, 600, 0, 600, 0, 0, 0, 0, 0, 0, 0, 0, 0, 0, 0, 0, 0,\
 0, 0, 0, 0, 0, 0, 0};


Hikari Utada - Simple and Clean

NoteCount is 514

 Notes array: { 1275, 851, 955, 1072, 1136, 1072, 1275, 851, 955, 1072, 1136, 1072, 1275, 851, 955, 1072, 1136, 1072, 1431,\
 1431, 1431, 1431, 1072, 1136, 1072, 803, 851, 1072, 1136, 1136, 1072, 715, 803, 851, 955, 955, 851, 803,\
 851, 1275, 1072, 1607, 1607, 851, 803, 955, 1072, 1136, 1607, 1431, 1136, 1072, 1072, 1702, 1431, 1136, 1072,\
 1072, 1275, 1072, 1607, 1431, 1136, 1072, 955, 1072, 1275, 1431, 1431, 1136, 1072, 1072, 1702, 955, 1275, 1911,\
 2145, 1911, 2145, 1911, 2145, 1911, 1702, 1607, 1911, 2024, 2272, 2024, 2272, 2024, 2272, 2024, 1911, 1702, 1607,\
 1911, 2145, 2145, 1911, 1911, 1607, 1911, 2145, 1911, 1911, 2145, 1911, 1911, 2145, 1911, 1702, 1607, 1431, 1275,\
 1431, 1911, 1275, 1911, 2024, 1203, 1275, 2024, 2024, 1911, 2145, 1911, 1607, 1911, 1607, 2145, 2024, 1275, 1275,\
 851, 955, 1072, 1136, 1072, 1275, 851, 955, 1072, 1136, 1072, 1275, 851, 955, 1072, 1136, 1072, 1431, 1431,\
 1431, 1431, 1072, 1136, 1072, 803, 851, 1072, 1136, 1136, 1072, 715, 803, 851, 955, 955, 851, 803, 851,\
 1275, 1072, 1607, 1607, 851, 803, 955, 1072, 1136, 715, 1072, 1072, 715, 1072, 715, 1072, 1072, 715, 1072,\
 1072, 715, 1072, 715, 1072, 637, 715, 1607, 1431, 1136, 1072, 1072, 1702, 1431, 1136, 1072, 1072, 1275, 1072,\
 1607, 1431, 1136, 1072, 955, 1072, 1275, 1431, 1431, 1136, 1072, 1702, 955, 1275, 1911, 2145, 1911, 2145, 1911,\
 2145, 1911, 1702, 1607, 1911, 2024, 2272, 2024, 2272, 2024, 2272, 2024, 1911, 1702, 1607, 1911, 2145, 2145, 1911,\
 1911, 1607, 1911, 2145, 1911, 1911, 2145, 1911, 1911, 2145, 1911, 1702, 1607, 1431, 1275, 1431, 1911, 1275, 1911,\
 2024, 1203, 1275, 2024, 2024, 1911, 2145, 1911, 1607, 1911, 1607, 2145, 2024, 1275, 1275, 851, 955, 1072, 1136,\
 1072, 1275, 851, 955, 1072, 1136, 1072, 1275, 851, 955, 1072, 1136, 1072, 1431, 1431, 1431, 1431, 1072, 1136,\
 1072, 803, 851, 1072, 1136, 1136, 1072, 715, 803, 851, 955, 955, 851, 851, 803, 851, 1275, 1072, 1607,\
 1607, 851, 803, 955, 1072, 1136, 715, 1072, 1072, 1431, 715, 715, 637, 715, 803, 851, 803, 715, 1072,\
 1072, 1275, 1072, 803, 851, 803, 715, 955, 1072, 1136, 1072, 1431, 1136, 1072, 1431, 1607, 1702, 1607, 1702,\
 1607, 1431, 1431, 1275, 1431, 1431, 1275, 1072, 1431, 851, 955, 803, 851, 1275, 851, 851, 955, 1072, 1136,\
 1072, 1275, 851, 955, 1072, 1136, 1072, 1275, 851, 955, 1072, 1136, 1072, 1431, 1431, 1431, 1431, 1072, 1136,\
 1072, 803, 851, 1072, 1136, 1136, 1072, 715, 803, 851, 955, 955, 851, 851, 803, 851, 1275, 1072, 1607,\
 1607, 851, 803, 955, 1072, 1136, 715, 1072, 1072, 1431, 715, 715, 637, 715, 803, 851, 803, 715, 1072,\
 1072, 1275, 1072, 803, 851, 803, 715, 955, 1072, 1136, 1072, 1431, 1136, 1072, 1431, 1607, 1702, 1607, 1702,\
 1607, 1431, 1431, 1275, 1431, 1431, 1275, 1072, 1431, 851, 955, 803, 851, 715, 1072, 1072, 1431, 715, 715,\
 637, 715, 803, 851, 803, 715, 1072, 1072, 1275, 1072, 803, 851, 803, 715, 955, 1072, 1136, 1072, 1431,\
 1136, 1072, 1431, 1607, 1702, 1607, 1702, 1607, 1431, 1431, 1275, 1431, 1431, 1275, 1072, 1431, 851, 955, 803,\
 851};

NoteCount is 514

 NoteNum array: { 100, 300, 134, 59, 169, 119, 100, 300, 134, 59, 169, 119, 100, 300, 134, 59, 169, 119, 89,\
 89, 89, 89, 119, 112, 119, 239, 225, 119, 169, 169, 119, 268, 239, 150, 134, 67, 225, 159,\
 451, 50, 59, 119, 199, 451, 79, 201, 179, 169, 238, 89, 338, 119, 477, 225, 89, 338, 119,\
 477, 150, 179, 238, 89, 338, 119, 134, 716, 100, 268, 89, 338, 59, 59, 300, 134, 200, 33,\
 29, 33, 29, 33, 29, 66, 37, 119, 66, 31, 28, 31, 28, 31, 28, 63, 33, 112, 79,\
 200, 29, 29, 33, 33, 159, 33, 29, 66, 33, 29, 66, 33, 29, 66, 75, 79, 89, 301,\
 44, 100, 150, 100, 126, 212, 100, 63, 126, 200, 29, 100, 238, 100, 79, 89, 126, 200, 100,\
 300, 134, 59, 169, 119, 100, 300, 134, 59, 169, 119, 100, 300, 134, 59, 169, 119, 89, 89,\
 89, 89, 119, 112, 119, 239, 225, 119, 169, 169, 119, 268, 239, 150, 134, 67, 225, 159, 451,\
 50, 59, 119, 199, 451, 79, 201, 179, 169, 89, 119, 59, 89, 59, 89, 119, 298, 89, 119,\
 59, 89, 59, 89, 119, 100, 358, 238, 89, 338, 119, 477, 225, 89, 338, 119, 477, 150, 179,\
 238, 89, 338, 119, 134, 716, 100, 268, 89, 338, 119, 300, 134, 200, 33, 29, 33, 29, 33,\
 29, 66, 37, 119, 66, 31, 28, 31, 28, 31, 28, 63, 33, 112, 79, 200, 29, 29, 33,\
 33, 159, 33, 29, 66, 33, 29, 66, 33, 29, 66, 75, 79, 89, 301, 44, 100, 150, 100,\
 126, 212, 100, 63, 126, 200, 29, 100, 238, 100, 79, 89, 126, 200, 100, 300, 134, 59, 169,\
 119, 100, 300, 134, 59, 169, 119, 100, 300, 134, 59, 169, 119, 89, 89, 89, 89, 119, 112,\
 119, 239, 225, 119, 169, 169, 119, 268, 239, 150, 134, 67, 150, 75, 159, 451, 50, 59, 119,\
 199, 451, 79, 201, 179, 169, 537, 119, 358, 89, 268, 268, 200, 179, 159, 150, 159, 537, 119,\
 238, 100, 119, 159, 75, 159, 179, 469, 119, 169, 179, 89, 169, 179, 89, 79, 75, 79, 75,\
 79, 89, 89, 100, 178, 44, 50, 597, 178, 300, 201, 239, 150, 100, 225, 75, 67, 119, 169,\
 119, 100, 300, 134, 59, 169, 119, 100, 300, 134, 59, 169, 119, 89, 89, 89, 89, 119, 112,\
 119, 239, 225, 119, 169, 169, 119, 268, 239, 150, 134, 67, 150, 75, 159, 451, 50, 59, 119,\
 199, 451, 79, 201, 179, 169, 537, 119, 358, 89, 268, 268, 200, 179, 159, 150, 159, 537, 119,\
 238, 100, 119, 159, 75, 159, 179, 469, 119, 169, 179, 89, 169, 179, 89, 79, 75, 79, 75,\
 79, 89, 89, 100, 178, 44, 50, 597, 178, 300, 201, 239, 150, 537, 119, 358, 89, 268, 268,\
 200, 179, 159, 150, 159, 537, 119, 238, 100, 119, 159, 75, 159, 179, 469, 119, 169, 179, 89,\
 169, 179, 89, 79, 75, 79, 75, 79, 89, 89, 100, 178, 44, 50, 597, 178, 300, 201, 239,\
 1353};

NoteCount is 514

 TimeDelay array: { 2560, 0, 0, 0, 0, 0, 2560, 0, 0, 0, 0, 0, 2560, 0, 0, 0, 0, 0, 2560,\
 0, 0, 0, 0, 0, 0, 0, 0, 0, 0, 0, 0, 0, 0, 0, 0, 0, 0, 0,\
 0, 0, 0, 0, 0, 0, 0, 0, 0, 0, 10240, 0, 0, 0, 0, 2560, 0, 0, 0,\
 0, 2560, 0, 0, 0, 0, 0, 0, 0, 0, 0, 0, 0, 0, 0, 0, 2560, 0, 2560,\
 0, 0, 0, 0, 0, 0, 0, 0, 0, 2560, 0, 0, 0, 0, 0, 0, 0, 0, 0,\
 0, 0, 0, 0, 0, 0, 0, 0, 0, 0, 0, 0, 0, 0, 0, 0, 0, 0, 0,\
 0, 0, 0, 0, 0, 0, 0, 0, 0, 0, 0, 0, 0, 0, 0, 0, 0, 0, 2560,\
 0, 0, 0, 0, 0, 2560, 0, 0, 0, 0, 0, 2560, 0, 0, 0, 0, 0, 2560, 0,\
 0, 0, 0, 0, 0, 0, 0, 0, 0, 0, 0, 0, 0, 0, 0, 0, 0, 0, 0,\
 0, 0, 0, 0, 0, 0, 0, 0, 0, 2560, 0, 0, 0, 0, 0, 0, 0, 2560, 0,\
 0, 0, 0, 0, 0, 0, 0, 0, 0, 0, 0, 0, 10240, 0, 0, 0, 0, 2560, 0,\
 0, 0, 0, 0, 0, 0, 0, 0, 0, 0, 0, 0, 2560, 0, 2560, 0, 0, 0, 0,\
 0, 0, 0, 0, 0, 2560, 0, 0, 0, 0, 0, 0, 0, 0, 0, 0, 0, 0, 0,\
 0, 0, 0, 0, 0, 0, 0, 0, 0, 0, 0, 0, 0, 0, 0, 0, 0, 0, 0,\
 0, 0, 0, 0, 0, 0, 0, 0, 0, 0, 0, 0, 0, 0, 2560, 0, 0, 0, 0,\
 0, 2560, 0, 0, 0, 0, 0, 2560, 0, 0, 0, 0, 0, 2560, 0, 0, 0, 0, 0,\
 0, 0, 0, 0, 0, 0, 0, 0, 0, 0, 0, 0, 0, 0, 0, 0, 0, 0, 0,\
 0, 0, 0, 0, 0, 0, 0, 0, 0, 0, 0, 0, 0, 0, 0, 0, 0, 0, 0,\
 0, 0, 0, 0, 0, 0, 0, 0, 0, 0, 0, 0, 0, 0, 0, 0, 0, 0, 0,\
 0, 0, 0, 0, 0, 0, 0, 0, 0, 0, 0, 0, 0, 2560, 0, 0, 0, 0, 0,\
 0, 2560, 0, 0, 0, 0, 0, 2560, 0, 0, 0, 0, 0, 2560, 0, 0, 0, 0, 0,\
 0, 0, 0, 0, 0, 0, 0, 0, 0, 0, 0, 0, 0, 0, 0, 0, 0, 0, 0,\
 0, 0, 0, 0, 0, 0, 0, 0, 0, 0, 0, 0, 0, 0, 0, 0, 0, 0, 0,\
 0, 0, 0, 0, 0, 0, 0, 0, 0, 0, 0, 0, 0, 0, 0, 0, 0, 0, 0,\
 0, 0, 0, 0, 0, 0, 0, 0, 0, 0, 0, 0, 0, 0, 0, 0, 0, 0, 0,\
 0, 0, 0, 0, 0, 0, 0, 0, 0, 0, 0, 0, 0, 0, 0, 0, 0, 0, 0,\
 0, 0, 0, 0, 0, 0, 0, 0, 0, 0, 0, 0, 0, 0, 0, 0, 0, 0, 0,\
 0};

Running in the 90's

NoteCount is 566

 Notes array: { 1136, 1275, 1136, 758, 851, 955, 1136, 1136, 1275, 1136, 758, 851, 955, 1136, 955, 1012, 1275, 955, 1012,\
 1275, 955, 1012, 1275, 851, 955, 1275, 1136, 1275, 1136, 758, 851, 955, 1136, 1136, 1275, 1136, 758, 851,\
 955, 1136, 955, 955, 955, 851, 851, 758, 758, 758, 851, 851, 1136, 1275, 1136, 758, 851, 955, 1136,\
 1136, 1275, 1136, 758, 851, 955, 1136, 955, 1012, 1275, 955, 1012, 1275, 955, 1012, 1275, 851, 955, 1275,\
 1136, 1275, 1136, 758, 851, 955, 1136, 1136, 1275, 1136, 758, 851, 955, 1136, 758, 803, 851, 901, 955,\
 901, 851, 803, 568, 568, 506, 477, 568, 568, 506, 477, 506, 568, 637, 715, 637, 715, 758, 568,\
 568, 506, 477, 568, 568, 506, 477, 506, 568, 637, 715, 637, 715, 758, 955, 955, 1012, 955, 955,\
 851, 758, 851, 955, 851, 955, 1136, 1136, 1275, 1136, 1136, 1136, 851, 955, 851, 955, 851, 758, 955,\
 955, 1012, 955, 955, 851, 758, 851, 955, 851, 955, 1136, 1136, 1275, 1136, 1136, 1136, 1012, 955, 851,\
 758, 758, 851, 851, 851, 955, 1136, 955, 851, 851, 955, 851, 637, 758, 637, 715, 758, 758, 851,\
 851, 851, 955, 851, 955, 851, 955, 851, 955, 758, 318, 357, 379, 379, 425, 425, 425, 477, 568,\
 477, 425, 425, 477, 425, 318, 379, 318, 357, 379, 379, 425, 425, 425, 477, 425, 477, 425, 477,\
 425, 379, 425, 379, 425, 379, 568, 637, 568, 379, 425, 477, 568, 568, 637, 568, 379, 425, 477,\
 568, 477, 506, 637, 477, 506, 637, 477, 506, 637, 425, 477, 637, 568, 637, 568, 379, 425, 477,\
 568, 568, 637, 568, 379, 425, 477, 568, 477, 477, 477, 425, 425, 379, 379, 379, 425, 425, 568,\
 637, 568, 379, 425, 477, 568, 568, 637, 568, 379, 425, 477, 568, 477, 506, 637, 477, 506, 637,\
 477, 506, 637, 425, 477, 637, 568, 637, 568, 379, 425, 477, 568, 568, 637, 568, 379, 425, 477,\
 568, 379, 401, 425, 450, 477, 450, 425, 401, 568, 568, 506, 477, 568, 568, 506, 477, 506, 568,\
 637, 715, 637, 715, 758, 568, 568, 506, 477, 568, 568, 506, 477, 506, 568, 637, 715, 637, 715,\
 758, 955, 955, 1012, 955, 955, 851, 758, 851, 955, 851, 955, 1136, 1136, 1275, 1136, 1136, 1136, 1275,\
 1516, 1275, 1516, 1275, 1136, 1136, 1136, 1275, 1136, 1136, 1012, 955, 1012, 1136, 1012, 1136, 1136, 1136, 1275,\
 1136, 1136, 1136, 1012, 955, 851, 758, 1136, 1275, 1136, 758, 851, 955, 1136, 1136, 1275, 1136, 758, 851,\
 955, 1136, 955, 1012, 1275, 955, 1012, 1275, 955, 1012, 1275, 851, 955, 1275, 1136, 1275, 1136, 758, 851,\
 955, 1136, 1136, 1275, 1136, 758, 851, 955, 1136, 955, 955, 955, 851, 851, 758, 758, 758, 851, 851,\
 1136, 1275, 1136, 758, 851, 955, 1136, 1136, 1275, 1136, 758, 851, 955, 1136, 955, 1012, 1275, 955, 1012,\
 1275, 955, 1012, 1275, 851, 955, 1275, 1136, 1275, 1136, 758, 851, 955, 1136, 1136, 1275, 1136, 758, 851,\
 955, 1136, 1012, 1072, 1136, 1203, 1136, 1072, 1012, 955, 955, 1012, 1012, 1012, 1136, 1136, 955, 851, 851,\
 637, 851, 637, 758, 637, 715, 758, 758, 851, 851, 851, 955, 851, 955, 851, 955, 851, 955, 758,\
 637, 715, 758, 758, 851, 851, 851, 955, 1136, 955, 851, 851, 955, 851, 637, 758, 637, 715, 758,\
 758, 851, 851, 851, 955, 851, 955, 851, 955, 851, 758, 851, 758, 851, 758};

NoteCount is 566

 NoteNum array: { 16, 14, 16, 24, 21, 19, 51, 16, 14, 16, 24, 21, 19, 51, 19, 18, 14, 61, 18,\
 45, 19, 18, 14, 68, 19, 45, 16, 14, 16, 24, 21, 19, 51, 16, 14, 16, 24, 21,\
 19, 51, 19, 19, 19, 21, 21, 24, 24, 24, 21, 21, 16, 14, 16, 24, 21, 19, 51,\
 16, 14, 16, 24, 21, 19, 51, 19, 18, 14, 61, 18, 45, 19, 18, 14, 68, 19, 45,\
 16, 14, 16, 24, 21, 19, 51, 16, 14, 16, 24, 21, 19, 51, 105, 99, 94, 88, 83,\
 88, 94, 99, 70, 70, 79, 587, 70, 70, 79, 251, 237, 211, 565, 167, 188, 55, 263, 70,\
 70, 79, 419, 70, 70, 79, 251, 237, 211, 565, 167, 188, 55, 263, 125, 125, 39, 41, 125,\
 47, 52, 47, 41, 47, 209, 105, 105, 31, 35, 105, 35, 47, 41, 141, 41, 47, 52, 125,\
 125, 39, 41, 125, 47, 52, 47, 41, 47, 209, 105, 105, 31, 35, 105, 105, 118, 125, 141,\
 158, 158, 141, 47, 141, 209, 35, 41, 141, 47, 41, 141, 54, 263, 188, 167, 158, 158, 141,\
 47, 141, 209, 141, 41, 47, 41, 141, 41, 263, 377, 336, 316, 316, 282, 94, 282, 419, 70,\
 83, 282, 94, 83, 282, 125, 527, 377, 336, 316, 316, 282, 94, 282, 419, 282, 83, 94, 83,\
 282, 316, 94, 105, 94, 738, 32, 28, 32, 48, 43, 38, 102, 32, 28, 32, 48, 43, 38,\
 102, 38, 36, 28, 122, 36, 91, 38, 36, 28, 137, 38, 91, 32, 28, 32, 48, 43, 38,\
 102, 32, 28, 32, 48, 43, 38, 102, 38, 38, 38, 43, 43, 48, 48, 48, 43, 43, 32,\
 28, 32, 48, 43, 38, 102, 32, 28, 32, 48, 43, 38, 102, 38, 36, 28, 122, 36, 91,\
 38, 36, 28, 137, 38, 91, 32, 28, 32, 48, 43, 38, 102, 32, 28, 32, 48, 43, 38,\
 102, 211, 193, 184, 177, 167, 177, 188, 199, 70, 70, 79, 587, 70, 70, 79, 251, 237, 211,\
 565, 167, 188, 55, 263, 70, 70, 79, 419, 70, 70, 79, 251, 237, 211, 565, 167, 188, 55,\
 263, 125, 125, 39, 41, 125, 47, 52, 47, 41, 47, 209, 105, 105, 31, 35, 105, 35, 31,\
 26, 94, 26, 31, 35, 105, 105, 31, 35, 105, 39, 41, 39, 35, 39, 176, 105, 105, 31,\
 35, 105, 105, 118, 125, 141, 10, 16, 14, 16, 24, 21, 19, 51, 16, 14, 16, 24, 21,\
 19, 51, 19, 18, 14, 61, 18, 45, 19, 18, 14, 68, 19, 45, 16, 14, 16, 24, 21,\
 19, 51, 16, 14, 16, 24, 21, 19, 51, 19, 19, 19, 21, 21, 24, 24, 24, 21, 21,\
 16, 14, 16, 24, 21, 19, 51, 16, 14, 16, 24, 21, 19, 51, 19, 18, 14, 61, 18,\
 45, 19, 18, 14, 68, 19, 45, 16, 14, 16, 24, 21, 19, 51, 16, 14, 16, 24, 21,\
 19, 51, 79, 74, 70, 66, 70, 74, 79, 116, 125, 118, 39, 118, 176, 35, 41, 141, 47,\
 62, 131, 62, 263, 188, 167, 158, 158, 141, 47, 141, 209, 141, 41, 47, 41, 141, 41, 261,\
 188, 167, 158, 158, 141, 47, 141, 209, 35, 41, 141, 47, 41, 141, 62, 263, 188, 167, 158,\
 158, 141, 47, 141, 209, 141, 41, 47, 41, 141, 158, 47, 52, 47, 428};

NoteCount is 566

 TimeDelay array: { 0, 433, 433, 433, 433, 433, 433, 433, 433, 433, 433, 433, 433, 433, 433, 433, 433, 433, 433,\
 433, 433, 433, 433, 433, 433, 433, 433, 433, 433, 433, 433, 433, 433, 433, 433, 433, 433, 433,\
 433, 433, 433, 433, 1233, 433, 1233, 1233, 433, 1233, 433, 1233, 1233, 433, 433, 433, 433, 433, 433,\
 433, 433, 433, 433, 433, 433, 433, 433, 433, 433, 433, 433, 433, 433, 433, 433, 433, 433, 433,\
 433, 433, 433, 433, 433, 433, 433, 433, 433, 433, 433, 433, 433, 433, 433, 0, 0, 0, 0,\
 0, 0, 0, 3033, 800, 800, 800, 2400, 800, 800, 800, 800, 800, 800, 800, 800, 800, 800, 4000,\
 800, 800, 800, 4000, 800, 800, 800, 800, 800, 800, 800, 800, 800, 800, 800, 800, 800, 800, 800,\
 800, 800, 800, 800, 800, 800, 800, 800, 800, 800, 800, 800, 800, 800, 800, 800, 800, 800, 800,\
 800, 800, 800, 800, 800, 800, 800, 800, 800, 800, 800, 800, 800, 800, 800, 800, 800, 800, 800,\
 800, 800, 800, 800, 800, 800, 4000, 800, 800, 800, 800, 800, 833, 866, 4000, 800, 800, 800, 800,\
 800, 800, 800, 5600, 800, 800, 800, 800, 800, 800, 4000, 800, 800, 800, 800, 800, 800, 800, 4000,\
 800, 800, 800, 800, 800, 800, 800, 4000, 800, 800, 800, 800, 800, 800, 800, 5600, 800, 800, 800,\
 800, 2400, 800, 800, 800, 800, 966, 433, 433, 433, 433, 433, 433, 433, 433, 433, 433, 433, 433,\
 433, 433, 433, 433, 433, 433, 433, 433, 433, 433, 433, 433, 433, 433, 433, 433, 433, 433, 433,\
 433, 433, 433, 433, 433, 433, 433, 433, 433, 433, 1233, 433, 1233, 1233, 433, 1233, 433, 1233, 1233,\
 433, 433, 433, 433, 433, 433, 433, 433, 433, 433, 433, 433, 433, 433, 433, 433, 433, 433, 433,\
 433, 433, 433, 433, 433, 433, 433, 433, 433, 433, 433, 433, 433, 433, 433, 433, 433, 433, 433,\
 433, 433, 16, 33, 33, 0, 0, 0, 0, 3033, 800, 800, 800, 2400, 800, 800, 800, 800, 800,\
 800, 800, 800, 800, 800, 4000, 800, 800, 800, 4000, 800, 800, 800, 800, 800, 800, 800, 800, 800,\
 800, 800, 800, 800, 800, 800, 800, 800, 800, 800, 800, 800, 800, 800, 800, 800, 800, 800, 800,\
 800, 800, 800, 800, 800, 800, 800, 800, 800, 800, 800, 800, 800, 800, 800, 800, 800, 800, 800,\
 800, 800, 800, 800, 800, 800, 800, 16, 416, 433, 433, 433, 433, 433, 433, 433, 433, 433, 433,\
 433, 433, 433, 433, 433, 433, 433, 433, 433, 433, 433, 433, 433, 433, 433, 433, 433, 433, 433,\
 433, 433, 433, 433, 433, 433, 433, 433, 433, 433, 433, 1233, 433, 1233, 1233, 433, 1233, 433, 1233,\
 1233, 433, 433, 433, 433, 433, 433, 433, 433, 433, 433, 433, 433, 433, 433, 433, 433, 433, 433,\
 433, 433, 433, 433, 433, 433, 433, 433, 433, 433, 433, 433, 433, 433, 433, 433, 433, 433, 433,\
 433, 433, 2033, 0, 0, 0, 0, 0, 0, 0, 800, 800, 800, 800, 800, 4000, 800, 800, 800,\
 800, 966, 800, 800, 4000, 800, 800, 800, 800, 800, 800, 800, 5600, 800, 800, 800, 800, 800, 700,\
 4133, 800, 800, 800, 800, 800, 800, 800, 4000, 800, 800, 800, 800, 800, 800, 800, 4000, 800, 800,\
 800, 800, 800, 800, 800, 5600, 800, 800, 800, 800, 2400, 800, 800, 800, 800};